0 0.300222115625 0.16215745937499998 0.33123525625 0.164624365625 0.33268400625 0.1375186109375 0.29998345625 0.13612617968750002 0.300222115625 0.16215745937499998
0 0.3375387203125 0.138358259375 0.33695635 0.16619288125 0.3638604828125 0.168214521875 0.36716121875 0.1397854859375 0.3375387203125 0.138358259375
0 0.3706686609375 0.1383317703125 0.3666328921875 0.1664630859375 0.39781887656250003 0.1688294390625 0.40306657343749996 0.13905362500000001 0.3706686609375 0.1383317703125
0 0.40770952656250004 0.13961301718750002 0.4029187203125 0.16717466718750001 0.43173467812500005 0.1687764171875 0.43944910937500004 0.14187640937499998 0.40770952656250004 0.13961301718750002
0 0.4429346359375 0.14039205 0.4360379859375 0.16836336093749998 0.46749048281250005 0.1699135625 0.4725608109375 0.14271293125 0.4429346359375 0.14039205
0 0.47640227968750004 0.14234758125 0.47307178125 0.17149530156249998 0.5010760421875 0.1744982375 0.5086091796875001 0.14438561562500002 0.47640227968750004 0.14234758125
0 0.509510234375 0.143417990625 0.5027868171875001 0.1719889859375 0.539622071875 0.1735379375 0.545529759375 0.1449085140625 0.509510234375 0.143417990625
0 0.5486086609374999 0.14522839062499998 0.5406411125 0.17175885 0.5730696359375 0.1741375765625 0.5779604046875 0.147835959375 0.5486086609374999 0.14522839062499998
0 0.582355259375 0.148066228125 0.5760469515625 0.174731321875 0.6058456171875 0.1759811234375 0.6080745734375 0.14929968124999998 0.582355259375 0.148066228125
0 0.40744820937500004 0.138479178125 0.40773776875 0.10853330624999999 0.30924935468750003 0.10172870468749999 0.3066671078125 0.13505938906249998 0.40744820937500004 0.138479178125
0 0.369519190625 0.4147519953125 0.3699467421875 0.37864793125 0.2779769484375 0.3754447875 0.2745555734375 0.41217600781249997 0.369519190625 0.4147519953125
0 0.5214372375 0.3884159359375 0.5249998203125 0.28921770156250004 0.44128840468749997 0.2890851671875 0.435952340625 0.385260634375 0.5214372375 0.3884159359375
0 0.5514770375 0.29011543125 0.5451287875 0.373435128125 0.621201875 0.377272575 0.6242898953125 0.29280595 0.5514770375 0.29011543125
0 0.26843212968749997 0.490397646875 0.358157521875 0.4957844921875 0.365078103125 0.43870494843749996 0.2733439984375 0.43692112656250004 0.26843212968749997 0.490397646875
0 0.3751837640625 0.49358819374999996 0.26585737656249997 0.4891298453125 0.2599046578125 0.571942725 0.3729507796875 0.570239575 0.3751837640625 0.49358819374999996
0 0.43125916093749994 0.5585493609375 0.324997040625 0.5539260921875 0.3181029703125 0.6030028703125 0.4239148453125 0.609640365625 0.43125916093749994 0.5585493609375
0 0.25028090937499997 0.6428294484375 0.30661348906249997 0.6443157734375 0.31343559375 0.6079715218749999 0.2561947484375 0.60688775625 0.25028090937499997 0.6428294484375
0 0.6080517390625 0.43099561406250003 0.4027394765625 0.42557276718750003 0.39611715 0.5445047203125 0.6014944515625 0.5513870921875 0.6080517390625 0.43099561406250003
0 0.2520540359375 0.707920603125 0.32293184531249997 0.71014415 0.323413478125 0.676300215625 0.253653965625 0.6747760109375001 0.2520540359375 0.707920603125
0 0.581641115625 0.7731124421875 0.38939641875 0.76172910625 0.38689345625 0.8093293859375 0.5829491531250001 0.81501328125 0.581641115625 0.7731124421875
0 0.5890669421875 0.7130759265625 0.5945289093749999 0.6510168765625 0.3995918625 0.651356453125 0.396210040625 0.706183996875 0.5890669421875 0.7130759265625
