0 0.7305669046875 0.205669746875 0.741799103125 0.3769685640625 0.8061169687499999 0.35269985312499996 0.78553544375 0.187338571875 0.7305669046875 0.205669746875
0 0.5410761890625 0.45634626093749997 0.53506994375 0.3011000359375 0.48386002031249997 0.2998740765625 0.48399919999999996 0.4567286734375 0.5410761890625 0.45634626093749997
0 0.394002753125 0.516161459375 0.3834288453125 0.39698799687499997 0.1777407265625 0.43680401875 0.18512607187500002 0.5680800234375 0.394002753125 0.516161459375
0 0.402751765625 0.49783804218750005 0.1947591609375 0.5667448140625 0.21021263281250002 0.6343433265625 0.413613828125 0.549096071875 0.402751765625 0.49783804218750005
0 0.1562396640625 0.5775816734375 0.1527502734375 0.521224240625 0.0774290015625 0.5328472328125 0.08250324375 0.587619665625 0.15635885624999998 0.57775965625 0.1562396640625 0.5775816734375
0 0.14865056875 0.518282559375 0.12552754531250002 0.441948178125 0.0617546578125 0.4776168140625 0.0847815953125 0.5391384796875001 0.14865056875 0.518282559375
0 0.047563746875 0.5593897921875 0.033554246875 0.5002901109375 0.01115428125 0.5103399921875 0.0169691703125 0.5617821203125 0.047563746875 0.5593897921875
0 0.618669615625 0.40602023750000005 0.619689484375 0.3579839109375 0.5743647234375 0.3534398671875 0.5756061359375 0.40036830781250005 0.618669615625 0.40602023750000005
0 0.879767596875 0.10023049843750001 0.7720391984375 0.2269774046875 0.8076280515625 0.3125397765625 0.919572740625 0.2032838515625 0.879767596875 0.10023049843750001
0 0.7091060687499999 0.6440442671875 0.71876920625 0.7018505609375 0.8400832093749999 0.67100005625 0.8347693453125 0.6014669234375 0.7091060687499999 0.6440442671875
0 0.6176459078125001 0.655274728125 0.5879016874999999 0.65522444375 0.5950683046874999 0.7434782796875 0.59512604375 0.743686090625 0.6216951359375 0.7414225234375 0.6176459078125001 0.655274728125
