0 0.7117147703125 0.6141393374999999 0.7010090812499999 0.777408521875 0.7534009703125 0.7948804234375 0.7730177359375 0.637270453125 0.7117147703125 0.6141393374999999
0 0.514676040625 0.686451528125 0.5204007421875 0.5384824703125 0.4659992375 0.5381179828125 0.46586658124999997 0.6876200203125 0.514676040625 0.686451528125
0 0.37014311875 0.595058315625 0.3802213734375 0.481471109375 0.18113578749999998 0.431986228125 0.1740966296875 0.5571086703125 0.37014311875 0.595058315625
0 0.190317325 0.4332588484375 0.3885602765625 0.49893561562500005 0.3989131796875 0.45008030625 0.20504641562499998 0.3688290171875 0.190317325 0.4332588484375
0 0.0784870171875 0.46556748125 0.1502776046875 0.47664564531250003 0.15360342968750001 0.42292996718750003 0.153717034375 0.42276032812500003 0.0833234046875 0.41336250625000004 0.0784870171875 0.46556748125
0 0.1243309421875 0.5522056421875 0.1463700734375 0.4794494359375 0.08549495781250001 0.4595711359375 0.0635474078125 0.5182089734375 0.1243309421875 0.5522056421875
0 0.0366688921875 0.4965984875 0.050021696875 0.44026910468749997 0.020861240625 0.4379889171875 0.015318925 0.4870196953125 0.0366688921875 0.4965984875
0 0.5953290390625 0.6322340843750001 0.594356978125 0.5864494609375 0.5533120984375001 0.59183645625 0.5521288765625 0.6365651265625 0.5953290390625 0.6322340843750001
0 0.7405373609375 0.7570996609375 0.843215990625 0.87790530625 0.88115526875 0.7796825796875 0.7744579859375 0.675548025 0.7405373609375 0.7570996609375
0 0.6897643999999999 0.304486184375 0.680554221875 0.35958280781249996 0.8003270328125 0.40016433906250004 0.8053918093749999 0.333890571875 0.6897643999999999 0.304486184375
0 0.5718619781250001 0.2648097640625 0.5650312953125 0.3489267015625 0.59338125625 0.34887877500000003 0.5972406765625 0.2667691578125 0.5719170109375 0.2646116953125 0.5718619781250001 0.2648097640625
