0 0.7100598296875 0.6198868625 0.699114715625 0.786807434375 0.7526783078125 0.80467008125 0.7727337875 0.6435352875 0.7100598296875 0.6198868625
0 0.5086144828125 0.693816259375 0.5144672124999999 0.5425379890625 0.45884906093750005 0.54216535 0.4587134375 0.6950108828125 0.5086144828125 0.693816259375
0 0.36084919531250004 0.600379109375 0.3711528421875 0.48425161406250006 0.1676148625 0.4336600421875 0.1604182796875 0.5615807484374999 0.36084919531250004 0.600379109375
0 0.17700173749999998 0.4349611234375 0.37967823749999996 0.5021067 0.390262675 0.4521587796875 0.1920602328125 0.36909036875 0.17700173749999998 0.4349611234375
0 0.0676149828125 0.4146198140625 0.0626704328125 0.4679923125 0.1360665609375 0.47931823125 0.139466765625 0.42440124375000005 0.1395829109375 0.42422781093750006 0.0676149828125 0.4146198140625
0 0.10953962187499999 0.55656806875 0.13207164062500001 0.4821847265625 0.06983510000000001 0.46186186406249996 0.047396710937499996 0.521811090625 0.10953962187499999 0.55656806875
0 0 0.49078138437499996 0.019917078125 0.499717303125 0.033568507812499995 0.4421281578125 0.0037559015624999996 0.43979697656249994 0 0.47302401562499996 0 0.49078138437499996
0 0.5910712218749999 0.638386284375 0.590077421875 0.5915777234374999 0.5481146046875 0.5970851953125 0.5469049218750001 0.6428141875 0.5910712218749999 0.638386284375
0 0.7395270140625 0.76604438125 0.844501971875 0.8895517515625 0.88328973125 0.78913235 0.7742062468750001 0.6826689078125 0.7395270140625 0.76604438125
0 0.68761855625 0.303308559375 0.6782024 0.35963737500000004 0.8006538359375 0.40112648125000006 0.8058318812499999 0.333370553125 0.68761855625 0.303308559375
0 0.5671356015625 0.2625423078125 0.5670793390625 0.26274480625 0.56009589375 0.34874295312500003 0.589079878125 0.3486939546875 0.5930256125 0.2647480203125 0.5671356015625 0.2625423078125
