0 0.7775191765625 0.804824209375 0.798236553125 0.6383714359375 0.733494146875 0.613942534375 0.7221878078125 0.7863720359374999 0.7775191765625 0.804824209375
0 0.47399259374999997 0.5336559546874999 0.4738524953125 0.6915458953125 0.5254004390625 0.6903118453125 0.531446328125 0.5340408921875001 0.47399259374999997 0.5336559546874999
0 0.17314670625 0.4215696140625 0.1657126125 0.5537121265625 0.372758409375 0.5937909609375 0.3834021109375 0.473830875 0.17314670625 0.4215696140625
0 0.40314263125 0.440678871875 0.19839885468750001 0.3548689296875 0.1828433796875 0.42291363593750003 0.3922088734375 0.4922752375 0.40314263125 0.440678871875
0 0.14055720625 0.468734675 0.144069628125 0.4120052453125 0.1441896078125 0.41182608906249996 0.0698465 0.40190099687499997 0.0647387640625 0.45703496406250005 0.14055720625 0.468734675
0 0.07213988906249999 0.45070218906250004 0.048960959375 0.5126299390625 0.113154790625 0.5485340109375 0.136430440625 0.47169577343749997 0.07213988906249999 0.45070218906250004
0 0 0.48057615 0.0205744078125 0.4898069828125 0.034676379687499995 0.43031720625 0.0038798578124999996 0.42790908749999995 0 0.46223272968750007 0 0.48057615
0 0.566204196875 0.5903883359375001 0.5649545890625001 0.6376265359375 0.6105785234375001 0.6330524984375 0.6095519234375 0.5846991 0.566204196875 0.5903883359375001
0 0.9124412078124999 0.78877368125 0.7997576093750001 0.67879659375 0.763933846875 0.764923734375 0.8723733234375001 0.8925072546875 0.9124412078124999 0.78877368125
0 0.8270780546875001 0.3879623390625 0.8324269937500001 0.317970240625 0.7103122374999999 0.2869161015625 0.7005853171875 0.3451039546875 0.8270780546875001 0.3879623390625
0 0.57858090625 0.33384998125 0.608521459375 0.333799365625 0.6125974140625 0.2470829390625 0.5858529484375 0.24480443125 0.5857948281249999 0.24501361250000003 0.57858090625 0.33384998125
