0 0.3155903140625 0.7809024234375 0.30417091093750004 0.6067486265625 0.23878108125000003 0.6314218171875 0.25970563125 0.79953911875 0.3155903140625 0.7809024234375
0 0.5082392078125 0.52604796875 0.51434555625 0.6838816296875 0.5664089796875 0.685128021875 0.5662674796875 0.52565918125 0.5082392078125 0.52604796875
0 0.65776386875 0.46523585 0.66851400625 0.5863955359374999 0.8776302609375 0.545915915625 0.8701218265625 0.4124519765625 0.65776386875 0.46523585
0 0.6488690390625 0.48386465625 0.8603281859375 0.41380943906249995 0.84461715625 0.345084284375 0.6378259421875 0.43175232656249996 0.6488690390625 0.48386465625
0 0.8994896750000001 0.40279196562499997 0.9030372218749999 0.46008868906249994 0.9796138484375 0.4482719796875 0.9744550343749999 0.3925866734375 0.899368496875 0.4026110171875 0.8994896750000001 0.40279196562499997
0 0.9072052546875 0.4630793984375 0.9307136609375 0.54068601875 0.9955494312500001 0.5044229046875001 0.9721387109374999 0.441875878125 0.9072052546875 0.4630793984375
0 0.42935255625 0.5772127578124999 0.42831569218750004 0.626049690625 0.474395865625 0.6306694687500001 0.47313376093750004 0.5829588859375 0.42935255625 0.5772127578124999
0 0.16390294375 0.8880989937500001 0.27342681562500004 0.7592396390625 0.237244815625 0.6722512265625 0.1234343796875 0.783328084375 0.16390294375 0.8880989937500001
0 0.3374088296875 0.3352216609375 0.327584640625 0.2764519296875 0.20424873593749998 0.307816609375 0.20965116562500002 0.37850862812499997 0.3374088296875 0.3352216609375
0 0.4303933265625 0.3238040265625 0.46063328437499995 0.32385514843749996 0.4533472234375 0.234130415625 0.45328852187499996 0.23391914218749998 0.42627661093749997 0.236220434375 0.4303933265625 0.3238040265625
