0 0.234989909375 0.7787178015625 0.2230947 0.597307596875 0.15498029375 0.6230088375 0.1767767 0.7981310265625 0.234989909375 0.7787178015625
0 0.43566584218750004 0.5132444109375001 0.442026621875 0.677654475 0.49625935468750004 0.6789528 0.49611195781250006 0.512839425 0.43566584218750004 0.5132444109375001
0 0.591420696875 0.44989845468749995 0.6026187562499999 0.5761064625000001 0.8204481890625 0.5339401890625 0.8126269031250001 0.39491525312500003 0.591420696875 0.44989845468749995
0 0.5821552484375 0.4693034625 0.8024251937500001 0.3963292765625 0.7860595375 0.324740575 0.570652021875 0.415019784375 0.5821552484375 0.4693034625
0 0.8432184109374999 0.384852740625 0.8469137718749999 0.44453682812500006 0.9266810921875 0.43222775625 0.921307328125 0.3742222296875 0.8430921843749999 0.384664253125 0.8432184109374999 0.384852740625
0 0.8512554734375 0.44765215156249993 0.875743396875 0.5284923796875 0.9432806578124999 0.490718303125 0.9188944906250001 0.42556515156249997 0.8512554734375 0.44765215156249993
0 0.958309225 0.40411845 0.9731456749999999 0.466706653125 0.9968678609375001 0.45606355 0.9907097328125 0.4015849078125 0.958309225 0.40411845
0 0.353492246875 0.5665410671875 0.352412178125 0.6174128718749999 0.400412359375 0.622225140625 0.39909766874999997 0.57252661875 0.353492246875 0.5665410671875
0 0.0769822328125 0.8903808953125001 0.1910695984375 0.7561524015625001 0.153380015625 0.6655394718750001 0.0348274796875 0.7812445328125001 0.0769822328125 0.8903808953125001
0 0.25771753125 0.314467009375 0.24748399999999998 0.2532485375 0.1190091 0.2859200796875 0.1246366296875 0.3595575984375 0.25771753125 0.314467009375
0 0.35457638125 0.3025736390625 0.3860763390625 0.302626890625 0.378486690625 0.2091636265625 0.37842554375000004 0.20894355 0.3502881375 0.21134073125000002 0.35457638125 0.3025736390625
