0 0.30702288437499997 0.802486215625 0.29597185000000004 0.633950284375 0.23269136875 0.6578275640625 0.252940934375 0.820521728125 0.30702288437499997 0.802486215625
0 0.4934572984375 0.555852871875 0.4993666671875 0.7085951265625 0.5497506265625 0.7098013109375 0.549613690625 0.555476628125 0.4934572984375 0.555852871875
0 0.6381585828125 0.49700243593750004 0.6485619421875 0.6142537453125 0.8509325109375 0.5750799171875001 0.843666284375 0.4459212671875 0.6381585828125 0.49700243593750004
0 0.6295506828125 0.5150303125 0.8341885671875 0.447234940625 0.8189843453125001 0.380726728125 0.6188638140625 0.46459902656249996 0.6295506828125 0.5150303125
0 0.8720867828125 0.43657286875 0.8755198921874999 0.4920213109375 0.9496263046875001 0.48058578750000003 0.9446339046875 0.42669678125 0.8719695125 0.43639775781249995 0.8720867828125 0.43657286875
0 0.879553471875 0.494915546875 0.9023035437500001 0.570018728125 0.9650478375 0.5349253921875 0.9423923015625 0.4743960109375 0.879553471875 0.494915546875
0 1 0.4528300203125 0.9790098609375001 0.454471334375 0.9927934015625001 0.5126177937499999 1 0.509384509375 1 0.4528300203125
0 0.417115378125 0.6053671859375 0.41611195937499995 0.6526287328125 0.4607056765625 0.6570994859375 0.4594842859375 0.6109279546875 0.417115378125 0.6053671859375
0 0.1602286546875 0.9062248328125 0.26621949843750004 0.7815222312500001 0.23120465937499998 0.697339896875 0.12106552968749999 0.80483363125 0.1602286546875 0.9062248328125
0 0.328137578125 0.37118225312500003 0.318630296875 0.31430831875 0.1992729703125 0.3446612359375 0.204501128125 0.41307286562499995 0.328137578125 0.37118225312500003
0 0.41812257343750003 0.3601329296875 0.44738705 0.36018240156250003 0.440336021875 0.2733520140625 0.44027921406250003 0.27314755625 0.41413865625 0.2753746140625 0.41812257343750003 0.3601329296875
