0 0.812588090625 0.8135212812500001 0.8340125437499999 0.6413875250000001 0.7670605 0.6161248734375 0.7553682796875 0.794439340625 0.812588090625 0.8135212812500001
0 0.49870223906250005 0.5330981375 0.4985573578125 0.6963768140625 0.5518646171875 0.6951006453125 0.5581168515625 0.5334962140624999 0.49870223906250005 0.5330981375
0 0.1875885734375 0.417186325 0.17990075625 0.5538388203125 0.3940129625 0.5952855328125 0.4050199296875 0.47123124531249994 0.1875885734375 0.417186325
0 0.42543418906249997 0.436947775 0.2137025703125 0.34820916562500004 0.197616190625 0.4185762171875 0.4141272640625 0.49030510937500005 0.42543418906249997 0.436947775
0 0.153886803125 0.46596111406249996 0.1575191046875 0.40729552656249995 0.157643178125 0.40711025625 0.0807627625 0.3968464234375 0.0754807015625 0.4538620953125 0.153886803125 0.46596111406249996
0 0.083134425 0.4473131859375 0.059164404687500005 0.5113545109375 0.1255491515625 0.5484839781249999 0.1496191921875 0.46902327499999996 0.083134425 0.4473131859375
0 0.0125447 0.42374216249999996 0.006491659375 0.477291134375 0.0298090296875 0.48775261406250003 0.044392296875 0.42623246875 0.0125447 0.42374216249999996
0 0.5940609953125 0.591766778125 0.5927687390624999 0.6406172031249999 0.639949803125 0.6358870546875 0.6388881671875 0.5858833703124999 0.5940609953125 0.591766778125
0 0.9521149687499999 0.7969229546875 0.8355855140624999 0.6831923828125 0.798539096875 0.772259015625 0.9106795796875 0.9041969218749999 0.9521149687499999 0.7969229546875
0 0.8638383968750001 0.3824320421875 0.8693698937500001 0.3100511359375 0.7430874000000001 0.2779371296875 0.7330285015625 0.338110915625 0.8638383968750001 0.3824320421875
0 0.6068601171875 0.3264728484375 0.6378225328125 0.3264205046875 0.6420375984375 0.2367444734375 0.614380353125 0.2343882 0.6143202484375 0.2346045203125 0.6068601171875 0.3264728484375
