0 0.7010090812499999 0.22259147812500002 0.7117147703125 0.3858606625 0.7730177359375 0.362729546875 0.7534009703125 0.20511957656250002 0.7010090812499999 0.22259147812500002
0 0.5204007421875 0.4615175296875 0.514676040625 0.313548471875 0.46586658124999997 0.31237997968750003 0.4659992375 0.4618820171875 0.5204007421875 0.4615175296875
0 0.3802213734375 0.5185288906250001 0.37014311875 0.40494168437500005 0.1740966296875 0.4428913296875 0.18113578749999998 0.568013771875 0.3802213734375 0.5185288906250001
0 0.3885602765625 0.501064384375 0.190317325 0.5667411515625 0.20504641562499998 0.6311709828125001 0.3989131796875 0.5499196937499999 0.3885602765625 0.501064384375
0 0.1502776046875 0.5233543546874999 0.0784870171875 0.53443251875 0.0833234046875 0.58663749375 0.153717034375 0.5772396718749999 0.15360342968750001 0.5770700328125 0.1502776046875 0.5233543546874999
0 0.1463700734375 0.5205505640625 0.1243309421875 0.4477943578125 0.0635474078125 0.48179102656249995 0.08549495781250001 0.5404288640625 0.1463700734375 0.5205505640625
0 0.050021696875 0.5597308953125 0.0366688921875 0.5034015125 0.015318925 0.5129803046875 0.020861240625 0.5620110828125 0.050021696875 0.5597308953125
0 0.594356978125 0.4135505390625 0.5953290390625 0.367765915625 0.5521288765625 0.36343487343750003 0.5533120984375001 0.40816354375 0.594356978125 0.4135505390625
0 0.843215990625 0.12209469375 0.7405373609375 0.24290033906250003 0.7744579859375 0.324451975 0.88115526875 0.2203174203125 0.843215990625 0.12209469375
0 0.680554221875 0.6404171921875 0.6897643999999999 0.695513815625 0.8053918093749999 0.666109428125 0.8003270328125 0.5998356609375 0.680554221875 0.6404171921875
0 0.5650312953125 0.6510732984375001 0.5718619781250001 0.7351902359375 0.5719170109375 0.7353883046874999 0.5972406765625 0.7332308421875 0.59338125625 0.651121225 0.5650312953125 0.6510732984375001
