0 0.4907766640625 0.715680403125 0.3843864140625 0.732539415625 0.40482001875 0.8679089640625 0.5173771125 0.8592522140625001 0.4907766640625 0.715680403125
0 0.356828878125 0.8123771937500001 0.32756856875 0.8150488671874999 0.347933365625 0.8886190624999999 0.3740782828125 0.887006909375 0.356828878125 0.8123771937500001
0 0.395197221875 1 0.378185128125 0.9363225546875 0.309105459375 0.9418546843750001 0.31931964218750003 1 0.395197221875 1
0 0.511084703125 0.7775099765625 0.6432104953125 0.7785036812499999 0.6383985812499999 0.7130581968749999 0.4963849859375 0.719599353125 0.511084703125 0.7775099765625
0 0.6376866156250001 0.789275634375 0.5564458171875 0.7868994359375 0.552487021875 0.874543865625 0.628460609375 0.8794717500000001 0.6376866156250001 0.789275634375
0 0.637610571875 0.8833742593749999 0.587729346875 0.8827707406249999 0.5821892359375 0.9598682265624999 0.6319245390625 0.962819925 0.637610571875 0.8833742593749999
0 0.636218815625 0.9361423953125 0.6634896078125 0.9362585484375 0.6633968578125 0.894647153125 0.634199678125 0.893268546875 0.636218815625 0.9361423953125
0 0.6420745 0.8333730218750001 0.6757049140625 0.8322983625000001 0.6804733890625 0.7937993109375 0.6433805265625 0.7931430671874999 0.6420745 0.8333730218750001
0 0.644039696875 0.7804750687500001 0.694236403125 0.78190986875 0.7037509656250001 0.676301725 0.646518665625 0.6777064515625 0.644039696875 0.7804750687500001
0 0.33891106875 0.691514590625 0.394649315625 0.6817573609375 0.37235755937500004 0.6202424734374999 0.32050722187499997 0.6295408703125001 0.33891106875 0.691514590625
0 0.4547743515625 0.6193717421875 0.389221575 0.6268392765625 0.40572557187499997 0.6898928140625 0.468717565625 0.6820105765625 0.4547743515625 0.6193717421875
0 0.408631146875 0.3184149140625 0.2652064390625 0.3406968984375 0.28466692031249996 0.46643195000000004 0.43871399999999994 0.4506967890625 0.408631146875 0.3184149140625
0 0.363701125 0.23912392031250002 0.316344740625 0.2541712546875 0.328552265625 0.2899864796875 0.3786716421875 0.280940240625 0.363701125 0.23912392031250002
0 0.44136581562500005 0.464215490625 0.289201878125 0.47920011718750005 0.3179200625 0.604520765625 0.46048568593750006 0.592540984375 0.44136581562500005 0.464215490625
0 0.36634893281249997 0.6010718359375 0.332768590625 0.605534646875 0.33581090156250004 0.626272584375 0.3701061671875 0.623963796875 0.36634893281249997 0.6010718359375
