0 0.2788312359375 0.5698793125 0.29452390156249997 0.47084939531250003 0.16088473125 0.44608922812499996 0.1528268765625 0.550859353125 0.2788312359375 0.5698793125
0 0.20202998593750002 0.6227663625 0.204516825 0.5955303515625 0.1350501734375 0.579474303125 0.13354955156249998 0.603810453125 0.20202998593750002 0.6227663625
0 0.0839968984375 0.6399521515625 0.0891463015625 0.575651578125 0.0081588875 0.554014946875 0.0030311578125 0.6257291859375 0.0839968984375 0.6399521515625
0 0.2360468890625 0.3289613 0.23697184531249998 0.45194631406249997 0.2908760734375 0.46562906875000004 0.296964696875 0.3334403140625 0.2360468890625 0.3289613
0 0.22823197187500002 0.40972339062499996 0.2260201640625 0.334103025 0.14206403125 0.34269075312499997 0.14665099374999999 0.41340830625 0.22823197187500002 0.40972339062499996
0 0.1389932734375 0.38060413125000003 0.13843150625 0.33417380625000004 0.06448208125 0.3394664671875 0.067229575 0.38576096249999997 0.1389932734375 0.38060413125000003
0 0.0892058796875 0.31008514531250003 0.089313996875 0.335469278125 0.1292217296875 0.337348728125 0.1279384984375 0.310171478125 0.0892058796875 0.31008514531250003
0 0.18597385 0.2987149234375 0.1849735390625 0.3300187046875 0.2224202890625 0.32880303125 0.22180944687499998 0.2942763421875 0.18597385 0.2987149234375
0 0.2328763484375 0.2814654859375 0.23421188593750003 0.3281894640625 0.32987072500000003 0.325881996875 0.33117826875 0.2726091640625 0.2328763484375 0.2814654859375
0 0.326100065625 0.5603264234374999 0.3170178640625 0.6122085640625 0.3747040953125 0.629339190625 0.3833592078125 0.5810759828125 0.326100065625 0.5603264234374999
0 0.37721878593749997 0.5653786609375 0.3841697 0.50436098125 0.32586436875 0.4913823921875 0.31852744374999997 0.5500164484375001 0.37721878593749997 0.5653786609375
0 0.6435651515624999 0.6808141328125 0.6643056140625 0.5473118890625 0.541175315625 0.5193102390625 0.5265287515625 0.6626999734375 0.6435651515624999 0.6808141328125
0 0.72410474375 0.6332137015625 0.7381110671875 0.58913354375 0.6991877015625 0.5751987234375 0.6907673015625 0.621850721875 0.72410474375 0.6332137015625
0 0.5146439171875 0.6584787546875 0.5285918703125 0.5168418828125 0.409144240625 0.49904477031249994 0.39799324999999997 0.6317473625 0.5146439171875 0.6584787546875
0 0.39704951093749996 0.6179260906249999 0.4012035734375 0.5866689187499999 0.3798953328125 0.5831716171875 0.3777462734375 0.6150942546875 0.39704951093749996 0.6179260906249999
