0 0.489208275 0.3008534671875 0.593140665625 0.2843839375 0.5731791234375 0.15214173749999998 0.4632223578125 0.160598496875 0.489208275 0.3008534671875
0 0.6200615578125 0.20639059531249998 0.6486458859375 0.2037806453125 0.6287515640625 0.131910090625 0.6032106546875 0.13348500000000002 0.6200615578125 0.20639059531249998
0 0.580853971875 0 0.576490934375 0.0003119671875 0.5991986859375 0.085308659375 0.6666824546875 0.079904334375 0.65264594375 0 0.580853971875 0
0 0.4693694 0.2404523 0.34029601875000004 0.239481553125 0.34499676562500003 0.30341509375000003 0.48372951875 0.2970250546875 0.4693694 0.2404523
0 0.345692284375 0.2289584546875 0.42505623124999997 0.231279759375 0.42892356875 0.14566011875 0.354705146875 0.14084607968750001 0.345692284375 0.2289584546875
0 0.34576656875 0.13703372656249999 0.3944954234375 0.13762330312499998 0.3999075453125 0.062306946875000005 0.3513212421875 0.05942343906250001 0.34576656875 0.13703372656249999
0 0.3471261734375 0.08548465625 0.32048540000000003 0.08537118593750001 0.32057600625 0.1260212625 0.349098665625 0.1273680203125 0.3471261734375 0.08548465625
0 0.34140576875 0.1858798203125 0.3085522953125 0.18692965156250002 0.3038939828125 0.2245392875 0.3401299140625 0.2251803703125 0.34140576875 0.1858798203125
0 0.33948597187499996 0.2375557078125 0.290448925 0.23615405625000002 0.281154171875 0.3393224078125 0.3370642734375 0.337950134375 0.33948597187499996 0.2375557078125
0 0.6375654234375 0.32446099375 0.583114859375 0.33399280781249996 0.604891625 0.3940865609375 0.6555441 0.385002978125 0.6375654234375 0.32446099375
0 0.5243788515625 0.3949371765625 0.5884172078125001 0.3876421578125 0.572294490625 0.326045303125 0.5107577578125 0.33374544375 0.5243788515625 0.3949371765625
0 0.569456040625 0.68894120625 0.7095673062500001 0.6671739875 0.6905564078124999 0.5443437062500001 0.540068171875 0.5597153484375 0.569456040625 0.68894120625
0 0.6133480765625 0.76640039375 0.65961041875 0.7517006875 0.647684915625 0.716712878125 0.5987234124999999 0.725550128125 0.6133480765625 0.76640039375
0 0.53747761875 0.5465089609375 0.6861262171875 0.5318705125000001 0.658071490625 0.40944506093750005 0.5187994625 0.42114808125 0.53747761875 0.5465089609375
0 0.6107614390625 0.4128143125 0.6435659968749999 0.4084546015625 0.6405939703125 0.388195759375 0.6070910046875 0.3904512078125 0.6107614390625 0.4128143125
