0 0.24723151875 0.47408933593749997 0.21404688906249997 0.190347396875 0.143615271875 0.2112927875 0.17922870156249998 0.492180975 0.24723151875 0.47408933593749997
0 0.22497466875 0.2303807625 0.25182388906250003 0.4717228203125 0.35144570625 0.433569825 0.3130611109375 0.238265984375 0.22497466875 0.2303807625
0 0.07459053125000001 0.7368376421875 0.062130825 0.634689315625 0.0016884812499999998 0.6482890578125 0.012577379687500001 0.75049990625 0.07459053125000001 0.7368376421875
0 0.31884590625000003 0.232946025 0.30257288125000004 0.1323261390625 0.22417142031249998 0.1524491765625 0.23263225312500002 0.2405910859375 0.31884590625000003 0.232946025
0 0.42706096406249994 0.35860536875000004 0.41655136718749997 0.351216946875 0.40446985625 0.3940702234375 0.41578567812499995 0.4023944734375 0.42706096406249994 0.35860536875000004
0 0.4325035234375 0.3484930421875 0.443208084375 0.3039475171875 0.4331215859375 0.2971384390625 0.41945324375000004 0.3393069546875 0.4325035234375 0.3484930421875
0 0.44881216874999996 0.3469530203125 0.43839060625000004 0.339018384375 0.4247249875 0.3819309140625 0.43571976250000005 0.39047014999999996 0.44881216874999996 0.3469530203125
0 0.390542428125 0.3660807484375 0.37897502968749996 0.3568079546875 0.364636403125 0.40187645781250003 0.37541665 0.41065000625000003 0.390542428125 0.3660807484375
0 0.39374863125 0.3110633453125 0.380197825 0.35492581562500003 0.3906418328125 0.363405178125 0.405236190625 0.317941975 0.39374863125 0.3110633453125
0 0.41967557343750006 0.2700681625 0.40691640781249994 0.2622690953125 0.3953683171875 0.3063509265625 0.40771106875 0.31570161875 0.41967557343750006 0.2700681625
0 0.3797186453125 0.276983646875 0.36791978125 0.268955865625 0.352097940625 0.319835715625 0.36427738593750003 0.3285368109375 0.3797186453125 0.276983646875
0 0.5561291625 0.20011271874999997 0.47453689218750006 0.2224938125 0.4876646203125 0.2856623296875 0.565279196875 0.2634968734375 0.5561291625 0.20011271874999997
0 0.4981558890625 0.1679772671875 0.49491569531249996 0.14536620312499998 0.353476125 0.19863964375 0.3544654765625 0.21496156875 0.4981558890625 0.1679772671875
0 0.5941557671875 0.13164282031250002 0.5651183984375 0.14222619375 0.5674539234375 0.16095379375000002 0.5968328625 0.15179674375000002 0.5941557671875 0.13164282031250002
0 0.5996155765625 0.1285931796875 0.601115825 0.1512948140625 0.6348461375000001 0.138198490625 0.6312457703125001 0.1180068125 0.5996155765625 0.1285931796875
0 0.6904540171875 0.3362790703125 0.6247572609375001 0.358303240625 0.640615253125 0.4767317234375 0.6985422328124999 0.4562156046875 0.6904540171875 0.3362790703125
0 0.7153088546874999 0.3229210953125 0.7282155046875001 0.41580038437500005 0.7557839703125 0.4040420921875 0.743247690625 0.31708416562499997 0.7153088546874999 0.3229210953125
0 0.72391598125 0.417264534375 0.7114103484375 0.3281547296875 0.6904342328124999 0.3370139828125 0.697773134375 0.42597095312500005 0.72391598125 0.417264534375
0 0.8359689703125 0.40130386093750003 0.8304286640624999 0.347290546875 0.8065792921874999 0.35463521249999996 0.8135262187500001 0.40848625156249996 0.8359689703125 0.40130386093750003
0 0.5606662359375 0.16044562812500002 0.55826933125 0.1428677484375 0.528253290625 0.1545037953125 0.530857978125 0.1730368 0.5606662359375 0.16044562812500002
0 0.08698698593750001 0.0830329453125 0.075814334375 0.070622621875 0.057912056249999996 0.111964940625 0.069961134375 0.12455308125 0.08698698593750001 0.0830329453125
0 0.7712666578125 0.8960675921875 0.7509555828125001 0.8516818625000001 0.7403833703125 0.861686178125 0.75919954375 0.9076119828125 0.7712666578125 0.8960675921875
