0 0.8212543 0.7919515984375 0.5283593953125 0.757696496875 0.5096841546875 0.827892953125 0.7996332515625 0.864655203125 0.8212543 0.7919515984375
0 0.53080225 0.7529559859375 0.7799295359375 0.780671309375 0.7717899515625 0.6897433687500001 0.5701859875 0.6501205609375 0.53080225 0.7529559859375
0 0.35105142968749997 1 0.36257877031249997 0.94876818125 0.2571353375 0.9359065484375 0.2430323546875 0.9999201234375 0.24378212656249998 1 0.35105142968749997 1
0 0.8811472109375 0.7005699296875 0.777281521875 0.6837719671875 0.769389846875 0.77276670625 0.8603750437500001 0.78150046875 0.8811472109375 0.7005699296875
0 0.655195409375 0.5829147171875 0.6475686515625 0.5720661015624999 0.6023669953125 0.5837051062499999 0.61095976875 0.5953859546875 0.655195409375 0.5829147171875
0 0.703989659375 0.55539810625 0.6580071828125 0.5664479765625 0.6674895953125 0.5799192328125 0.7110183859375 0.5658099765625 0.703989659375 0.55539810625
0 0.6677874734375 0.5603709875 0.6595968828125 0.5496132453125 0.6146759734375 0.5631279874999999 0.6234906687499999 0.5744774328125 0.6677874734375 0.5603709875
0 0.649424046875 0.6217031953125 0.63985213125 0.6097626546875 0.5938451546875 0.6253763609375 0.6029017203125 0.6365043578125 0.649424046875 0.6217031953125
0 0.6513669 0.6204409546874999 0.6966442890625 0.6064530265625 0.6895437671875 0.5945948999999999 0.642614009375 0.60966004375 0.6513669 0.6204409546874999
0 0.747012546875 0.5928604828124999 0.738961896875 0.57968973125 0.69185639375 0.5920401875 0.7015087203125 0.6047810921875 0.747012546875 0.5928604828124999
0 0.7401100734375 0.6331150640625001 0.7318233328125 0.6209355921874999 0.6786071625 0.63687495625 0.6875889390625 0.6494472874999999 0.7401100734375 0.6331150640625001
0 0.788070903125 0.5230586921875 0.8111739671875 0.4388344125 0.7457451625 0.429389215625 0.7228646921874999 0.5095074890625 0.788070903125 0.5230586921875
0 0.8676864999999999 0.5020225078125 0.844346046875 0.4986777921875 0.795846121875 0.6470033796875 0.8126945609374999 0.6480246453125 0.8676864999999999 0.5020225078125
0 0.8709277999999999 0.4295552015625 0.8818525718749999 0.39958114375 0.861048521875 0.396817690625 0.8515960843749999 0.42714433749999997 0.8709277999999999 0.4295552015625
0 0.86156664375 0.3923965671875 0.8850005890625001 0.3939452109375 0.8959284515625001 0.3612946890625 0.8750854296874999 0.35757818124999996 0.86156664375 0.3923965671875
0 0.6478805265625 0.3679925046875 0.670615153125 0.3001764984375 0.5468096984375 0.291827371875 0.5256317687500001 0.35162296406250004 0.6478805265625 0.3679925046875
0 0.5885286359374999 0.2611968984375 0.6844040312499999 0.2745198921875 0.6904292484375001 0.24567980312499998 0.6006662281249999 0.23273912812500003 0.5885286359374999 0.2611968984375
0 0.6790015687500001 0.27854415625 0.5870172546875 0.265635115625 0.578029984375 0.29262128125000003 0.669856534375 0.3001969203125 0.6790015687500001 0.27854415625
0 0.6592484671875 0.155686540625 0.6034927890625 0.1499675140625 0.5960787078124999 0.1731342265625 0.651666878125 0.180305246875 0.6592484671875 0.155686540625
0 0.87026555 0.43662520625 0.8521206421875 0.4341509828125 0.8391233031249999 0.464920796875 0.858254146875 0.46760950625 0.87026555 0.43662520625
0 0.9448411640625001 0.9346432671875 0.9320305078125 0.9231102078125 0.8891710125 0.9406852812500001 0.902165221875 0.9531230390625 0.9448411640625001 0.9346432671875
0 0.1385864640625 0.23772326875 0.09276893750000001 0.21675699843750001 0.080852146875 0.2292133734375 0.12825942968749998 0.2486365203125 0.1385864640625 0.23772326875
