0 0.19019418125 0.21109525312500002 0.47843996093749996 0.24480662187500002 0.49681876875000003 0.1757243953125 0.21147203750000002 0.1395456734375 0.19019418125 0.21109525312500002
0 0.47603588124999996 0.2494718875 0.230862996875 0.22219648906249997 0.23887338125 0.311681128125 0.4372772828125 0.350675003125 0.47603588124999996 0.2494718875
0 0.6543621078124999 0 0.6415891453125 0.056767821875 0.745358875 0.0694253015625 0.7592380000000001 0.0064278140624999995 0.6989020203125 0 0.6543621078124999 0
0 0.1312519515625 0.30102641874999997 0.23346897812499998 0.3175577453125 0.2412353890625 0.22997562187499998 0.1516944015625 0.221380490625 0.1312519515625 0.30102641874999997
0 0.35361721562500004 0.4168140875 0.36112291406249997 0.42749050312500003 0.405607084375 0.41603624375 0.397150703125 0.40454080625 0.35361721562500004 0.4168140875
0 0.30559747812500004 0.4438939265625 0.350850075 0.433019453125 0.3415181765625 0.419762025 0.29868031875 0.43364732500000003 0.30559747812500004 0.4438939265625
0 0.341225025 0.43899998125 0.3492856078125 0.449586965625 0.3934934859375 0.4362867421875 0.38481870625000003 0.425117446875 0.341225025 0.43899998125
0 0.3592969703125 0.3786413 0.3687169515625 0.3903923078125 0.41399365781249997 0.3750264375 0.4050808453125 0.3640750765625 0.3592969703125 0.3786413
0 0.35738495625 0.3798835046875 0.31282625625 0.393649403125 0.3198140703125 0.4053193046875 0.36599891093750003 0.390493290625 0.35738495625 0.3798835046875
0 0.26325749374999996 0.40702619218749997 0.27118035625000003 0.41998788437499995 0.317538153125 0.4078334671875 0.3080390359375 0.39529479843750004 0.26325749374999996 0.40702619218749997
0 0.270050403125 0.367410571875 0.278205609375 0.37939671875 0.33057707812500003 0.3637103609375 0.3217378703125 0.351337590625 0.270050403125 0.367410571875
0 0.2228508578125 0.47572001718749996 0.2001145078125 0.558607403125 0.2645047609375 0.5679026765625 0.2870220484375 0.489056121875 0.2228508578125 0.47572001718749996
0 0.144499 0.49642229374999997 0.16746897031250002 0.49971391875000004 0.2151990546875 0.35374270625 0.1986180515625 0.3527376515625 0.144499 0.49642229374999997
0 0.1413091484375 0.567739325 0.1305577859375 0.5972376046875 0.1510316125 0.59995719375 0.16033401249999998 0.5701119218749999 0.1413091484375 0.567739325
0 0.150521715625 0.6043081390625 0.1274597375 0.602784078125 0.11670533281249999 0.6349163375 0.1372175140625 0.6385738546875 0.150521715625 0.6043081390625
0 0.360815990625 0.6283248359375 0.3384422296875 0.6950643984375 0.46028251875 0.7032809984374999 0.48112429062500006 0.6444345421875 0.360815990625 0.6283248359375
0 0.4192257875 0.733425275 0.3248722234375 0.7203137578125001 0.31894264375 0.7486960671875 0.40728085625 0.761431334375 0.4192257875 0.733425275
0 0.33018893125000004 0.7163533703125 0.42071317812500003 0.7290575046875001 0.42955779375 0.7024996921875 0.3391888078125 0.6950443 0.33018893125000004 0.7163533703125
0 0.34962849218750003 0.837260865625 0.4044991609375 0.8428891125 0.4117955578125 0.8200901265624999 0.35708973906249997 0.8130329312500001 0.34962849218750003 0.837260865625
0 0.1419608875 0.5607815421875 0.15981778124999999 0.5632164937499999 0.1726088125 0.5329350890625 0.15378163281249999 0.5302890578125 0.1419608875 0.5607815421875
0 0.0685690125 0.07066852968750001 0.08117632500000001 0.082018525 0.1233555109375 0.064722421875 0.110567559375 0.0524820890625 0.0685690125 0.07066852968750001
0 0.86202601875 0.75652630625 0.907116284375 0.7771597796874999 0.91884391875 0.7649011234375 0.8721891328125 0.74578628125 0.86202601875 0.75652630625
