0 0.1817440921875 0.8694219375 0.47548337187499995 0.8321791359375 0.4565640109375 0.761065078125 0.159840415625 0.795767959375 0.1817440921875 0.8694219375
0 0.4141906671875 0.652082921875 0.20995135625 0.6922236749999999 0.201705371875 0.784340215625 0.45408922343749997 0.7562626 0.4141906671875 0.652082921875
0 0.74419869375 1 0.73133348125 0.9416046734375 0.624511703125 0.95463443125 0.634719115625 1 0.74419869375 1
0 0.1202082890625 0.7851802140624999 0.212382834375 0.776332284375 0.20438800000000001 0.686174215625 0.09916459062500001 0.7031917578125 0.1202082890625 0.7851802140624999
0 0.37288389375 0.5966328296875 0.38158899218750003 0.584799290625 0.3357964640625 0.5730081421875 0.328070009375 0.5839985703125 0.37288389375 0.5966328296875
0 0.271517321875 0.5666702375 0.315615115625 0.580963928125 0.32522148125 0.5673165765625 0.27863792656249997 0.5561222640625 0.271517321875 0.5666702375
0 0.360189190625 0.57545099375 0.3691191109375 0.5639531890625 0.3236110015625 0.5502617843750001 0.31531334375000003 0.56116015 0.360189190625 0.57545099375
0 0.38104727656250004 0.638288728125 0.39022222812499996 0.62701526875 0.3436138546875 0.6111974609375 0.333916815625 0.6232940859375 0.38104727656250004 0.638288728125
0 0.340815871875 0.6110935078125 0.293272653125 0.595831434375 0.286079315625 0.60784456875 0.33194856562499997 0.622015346875 0.340815871875 0.6110935078125
0 0.2811512953125 0.6061507796875001 0.290929796875 0.5932433265625 0.24320853593749997 0.5807314265625 0.2350526484375 0.5940743453125 0.2811512953125 0.6061507796875001
0 0.29525303593749996 0.651400846875 0.30435222031250003 0.638664171875 0.250440415625 0.62251645 0.24204535 0.6348551312499999 0.29525303593749996 0.651400846875
0 0.2595161625 0.5096317703125 0.2363366 0.4284662 0.17005251562499998 0.4380348625 0.19345758125 0.5233601125 0.2595161625 0.5096317703125
0 0.1685120453125 0.6499596078125001 0.185580725 0.6489249921875 0.136446815625 0.4986605078125 0.11280125781250001 0.5020489453125 0.1685120453125 0.6499596078125001
0 0.12910200624999998 0.42619197499999995 0.11952600625000001 0.39546890156250003 0.09845000781249999 0.398268478125 0.1095175875 0.4286343546875 0.12910200624999998 0.42619197499999995
0 0.10530561093749999 0.3557164578125 0.08419013125 0.359481546875 0.0952608421875 0.3925588734375 0.1190011125 0.39098998749999997 0.10530561093749999 0.3557164578125
0 0.4593272921875 0.3496833953125 0.43787252812500005 0.2891061625 0.31244870156250004 0.29756442656250004 0.3354805125 0.36626691718750004 0.4593272921875 0.3496833953125
0 0.3833119921875 0.22924552187499997 0.2923755984375 0.24235535625 0.2984795765625 0.2715724390625 0.3956082453125 0.2580752890625 0.3833119921875 0.22924552187499997
0 0.3132172375 0.297585115625 0.40624413437499995 0.2899104484375 0.3971393828125 0.2625715234375 0.30395265781249997 0.275649309375 0.3132172375 0.297585115625
0 0.3316446671875 0.1761262296875 0.387959478125 0.1688614703125 0.38044848125 0.1453919265625 0.3239639703125 0.1511857109375 0.3316446671875 0.1761262296875
0 0.12235690937499999 0.46718610156249996 0.14173782968749998 0.46446224531249997 0.1285705921875 0.43329021093750003 0.1101884953125 0.435796778125 0.12235690937499999 0.46718610156249996
0 0.0778718328125 0.959046215625 0.0910359015625 0.9464458718750001 0.0476161515625 0.9286410609375 0.0346380359375 0.9403248796874999 0.0778718328125 0.959046215625
0 0.8618940421874999 0.2453507234375 0.9099210281250001 0.2256736796875 0.8978484625 0.213054475 0.8514320124999999 0.23429481562499999 0.8618940421874999 0.2453507234375
