0 0.9011513859375 0.8351889531250001 0.8629087765625 0.533564053125 0.7898856171874999 0.5529913171875 0.8255201187500001 0.857680646875 0.9011513859375 0.8351889531250001
0 0.677977765625 0.5965022015625 0.719196121875 0.8062244468750001 0.813785590625 0.8146917984375 0.7849542125 0.5555325421874999 0.677977765625 0.5965022015625
0 1 0.26539758281250003 0.9752719125 0.270845484375 0.9886514625 0.38053496249999996 1 0.3779815015625 1 0.26539758281250003
0 0.8146481390625 0.8983767234375 0.80556268125 0.8037276921875 0.7129842625 0.8119371546874999 0.7304586515625 0.9199853546875 0.8146481390625 0.8983767234375
0 0.62103908125 0.63891788125 0.6088878625 0.6299790890625 0.5967801734375 0.677000946875 0.6080656453125 0.684934821875 0.62103908125 0.63891788125
0 0.590272121875 0.7430057031249999 0.6049495375 0.697724075 0.5909358140625 0.6878598203124999 0.5794409828125 0.735693940625 0.590272121875 0.7430057031249999
0 0.5992886046875 0.65195338125 0.587482134375 0.64278373125 0.5734231750000001 0.6895135359375 0.5846141140625 0.69803395 0.5992886046875 0.65195338125
0 0.6638132578125 0.630535346875 0.6522371546875 0.6211140875 0.6359947078125 0.6689736921875 0.648416075 0.6789310546875 0.6638132578125 0.630535346875
0 0.6358879640625 0.6718467890625 0.620216171875 0.7206663359375 0.6325518046874999 0.7280527828125 0.64710300625 0.68095214375 0.6358879640625 0.6718467890625
0 0.6308125453125 0.7331130984375 0.617558584375 0.7230720875000001 0.60471079375 0.77207445625 0.6184119109374999 0.78044929375 0.6308125453125 0.7331130984375
0 0.6772773796875 0.7186327890624999 0.6641987796875 0.70928933125 0.6476175625 0.7646484328125001 0.6602874828124999 0.77326886875 0.6772773796875 0.7186327890624999
0 0.531702421875 0.7553290421875001 0.44835790937500003 0.7791308734375 0.45818345000000005 0.8471943953125001 0.5457993109375 0.82316100625 0.531702421875 0.7553290421875001
0 0.67579745 0.8487762218749999 0.674735059375 0.8312493218749999 0.5204366296875 0.8817022640625 0.52391603125 0.9059826 0.67579745 0.8487762218749999
0 0.4460226328125 0.8892442484374999 0.41447477812500005 0.899077321875 0.41734951249999996 0.9207191187499999 0.448530578125 0.9093544234375001 0.4460226328125 0.8892442484374999
0 0.3736551546875 0.9136794734375 0.37752132031249996 0.9353618125000001 0.41148662968750005 0.9239939015624999 0.4098756234375 0.8996163078125001 0.3736551546875 0.9136794734375
0 0.36746013125 0.5501538546875 0.3052566625 0.5721845859375 0.3139419953125 0.7009754953125 0.38448884687499996 0.6773253796875001 0.36746013125 0.5501538546875
0 0.24378902500000002 0.628209834375 0.2572508015625 0.7215874734375001 0.2872522359375 0.7153196296875 0.27339274687500004 0.6155834796875 0.24378902500000002 0.628209834375
0 0.31396324062500003 0.7001863265625 0.306082540625 0.6046620640625 0.278009684375 0.6140112375 0.2914385515625 0.70969961875 0.31396324062500003 0.7001863265625
0 0.1892437125 0.6812642015625 0.1817839265625 0.6234375828125 0.1576843265625 0.6311502171875001 0.16363365000000002 0.689151090625 0.1892437125 0.6812642015625
0 0.48811727187500004 0.8961704218750001 0.4853202921875 0.8762692078125 0.453311425 0.8897899296875 0.45588528124999994 0.9086655046875001 0.48811727187500004 0.8961704218750001
0 0.9931816843749999 0.941849728125 0.9802430765624999 0.9283322625 0.9619602828125 0.9729176421875 0.9739577625000001 0.9862441640625 0.9931816843749999 0.941849728125
0 0.2603265828125 0.1367799421875 0.24012129531249998 0.0874636421875 0.2271633203125 0.09986030312500001 0.2489738703125 0.1475228328125 0.2603265828125 0.1367799421875
