0 0.752803525 0.5294032046875 0.7864082140625 0.8167368140625 0.8577313703125 0.795526290625 0.8216671375000001 0.51108255625 0.752803525 0.5294032046875
0 0.7753421078125 0.776196696875 0.7481530234375 0.531799675 0.6472701703125 0.5704356203125001 0.686140646875 0.7682116609375 0.7753421078125 0.776196696875
0 1 0.3393435640625 0.9904279703125001 0.24949376562499997 0.9276298421875 0.2633289703125 0.9402472656249999 0.3667703140625 1 0.3533257359375 1 0.3393435640625
0 0.6802826265624999 0.7735989625 0.6967616390625 0.8754925171875 0.7761555234374999 0.8551147578125 0.7675875921875 0.7658571281250001 0.6802826265624999 0.7735989625
0 0.5706977578125 0.64634899375 0.5813403874999999 0.653830940625 0.5935748296875001 0.6104352171875 0.58211576875 0.602005596875 0.5706977578125 0.64634899375
0 0.5651863046875001 0.656589325 0.55434624375 0.7016987171875 0.56456041875 0.7085939859375 0.578401778125 0.6658916921875 0.5651863046875001 0.656589325
0 0.5486712218750001 0.658148840625 0.5592247031250001 0.6661839140625 0.573063303125 0.6227281890625 0.5619293546875 0.6140808609375 0.5486712218750001 0.658148840625
0 0.607678553125 0.6387789890625 0.619392375 0.648169159375 0.633912503125 0.60253016875 0.622995796875 0.5936455640625 0.607678553125 0.6387789890625
0 0.604431765625 0.694492815625 0.6181541015625001 0.6500751234375 0.607577890625 0.6414884265625 0.59279879375 0.6875271140625 0.604431765625 0.694492815625
0 0.578176634375 0.7360069234375 0.5910973078125 0.7439047140625 0.602791578125 0.699264884375 0.5902925890625 0.6897958296875 0.578176634375 0.7360069234375
0 0.618639346875 0.7290039015625001 0.6305875640624999 0.7371333 0.6466096796875 0.6856094015624999 0.634276065625 0.676798165625 0.618639346875 0.7290039015625001
0 0.43999578437500003 0.8068478796875 0.52262086875 0.78418348125 0.5093269671875 0.7202153625000001 0.4307299265625 0.74266139375 0.43999578437500003 0.8068478796875
0 0.49870289687499997 0.8393901093749999 0.50198410625 0.8622873890625 0.64521405 0.8083396015625001 0.644212175 0.7918110703125001 0.49870289687499997 0.8393901093749999
0 0.40148783125 0.8761844859375 0.4308927609375 0.8654671453124999 0.42852767187499996 0.8465024874999999 0.3987768484375 0.85577545 0.40148783125 0.8761844859375
0 0.395958909375 0.8792727296875 0.3944396703125 0.8562837328124999 0.36028239218749997 0.8695458328125 0.363928334375 0.8899931015625 0.395958909375 0.8792727296875
0 0.303970615625 0.668957903125 0.3704989765625 0.646654946875 0.35444025 0.52672736875 0.2957800171875 0.547503184375 0.303970615625 0.668957903125
0 0.278801159375 0.6824849671875 0.265731134375 0.588429990625 0.2378137015625 0.600337121875 0.2505086671875 0.68839578125 0.278801159375 0.6824849671875
0 0.2700850828125 0.58694730625 0.2827490140625 0.677185084375 0.30399065 0.6682136890625 0.2965588515625 0.5781306796875 0.2700850828125 0.58694730625
0 0.1566137015625 0.6031100140625 0.1622241375 0.6578070406250001 0.1863754 0.6503694046875 0.1793405375 0.5958367078125 0.1566137015625 0.6031100140625
0 0.4354012796875 0.8470170859374999 0.437828525 0.8648174703124999 0.46822451562499995 0.8530341312499999 0.46558685781250003 0.8342665312499999 0.4354012796875 0.8470170859374999
0 0.9150764703125001 0.925409675 0.926390546875 0.9379770921875 0.9445194359375 0.8961114531250001 0.9323178390625 0.88336396875 0.9150764703125001 0.925409675
0 0.22213502968749999 0.10208345156250001 0.2427032078125 0.147031025 0.2534092453125 0.1369000734375 0.2343548921875 0.09039292812500001 0.22213502968749999 0.10208345156250001
