0 0.17922870156249998 0.507819025 0.143615271875 0.7887072125000001 0.21404688906249997 0.8096526031250001 0.24723151875 0.5259106640625 0.17922870156249998 0.507819025
0 0.3130611109375 0.761734015625 0.35144570625 0.566430175 0.25182388906250003 0.5282771796875 0.22497466875 0.7696192374999999 0.3130611109375 0.761734015625
0 0.012577379687500001 0.24950009374999998 0.0016884812499999998 0.3517109421875 0.062130825 0.36531068437499997 0.07459053125000001 0.2631623578125 0.012577379687500001 0.24950009374999998
0 0.23263225312500002 0.7594089140625 0.22417142031249998 0.8475508234375001 0.30257288125000004 0.8676738609375001 0.31884590625000003 0.7670539749999999 0.23263225312500002 0.7594089140625
0 0.41578567812499995 0.5976055265625 0.40446985625 0.6059297765625 0.41655136718749997 0.6487830531250001 0.42706096406249994 0.6413946312500001 0.41578567812499995 0.5976055265625
0 0.41945324375000004 0.6606930453125 0.4331215859375 0.7028615609375 0.443208084375 0.6960524828125 0.4325035234375 0.6515069578125 0.41945324375000004 0.6606930453125
0 0.43571976250000005 0.60952985 0.4247249875 0.6180690859375 0.43839060625000004 0.660981615625 0.44881216874999996 0.6530469796875 0.43571976250000005 0.60952985
0 0.37541665 0.58934999375 0.364636403125 0.5981235421875 0.37897502968749996 0.6431920453125 0.390542428125 0.6339192515625001 0.37541665 0.58934999375
0 0.405236190625 0.682058025 0.3906418328125 0.6365948218749999 0.380197825 0.6450741843750001 0.39374863125 0.6889366546875 0.405236190625 0.682058025
0 0.40771106875 0.68429838125 0.3953683171875 0.6936490734375 0.40691640781249994 0.7377309046875 0.41967557343750006 0.7299318375 0.40771106875 0.68429838125
0 0.36427738593750003 0.6714631890625 0.352097940625 0.680164284375 0.36791978125 0.731044134375 0.3797186453125 0.723016353125 0.36427738593750003 0.6714631890625
0 0.565279196875 0.7365031265625 0.4876646203125 0.7143376703125 0.47453689218750006 0.7775061875 0.5561291625 0.79988728125 0.565279196875 0.7365031265625
0 0.3544654765625 0.7850384312500001 0.353476125 0.80136035625 0.49491569531249996 0.8546337968750001 0.4981558890625 0.8320227328125 0.3544654765625 0.7850384312500001
0 0.5968328625 0.84820325625 0.5674539234375 0.8390462062499999 0.5651183984375 0.85777380625 0.5941557671875 0.8683571796875 0.5968328625 0.84820325625
0 0.6312457703125001 0.8819931875 0.6348461375000001 0.861801509375 0.601115825 0.8487051859375001 0.5996155765625 0.8714068203125 0.6312457703125001 0.8819931875
0 0.6985422328124999 0.5437843953125 0.640615253125 0.5232682765625001 0.6247572609375001 0.641696759375 0.6904540171875 0.6637209296875 0.6985422328124999 0.5437843953125
0 0.743247690625 0.6829158343749999 0.7557839703125 0.5959579078125 0.7282155046875001 0.584199615625 0.7153088546874999 0.6770789046875 0.743247690625 0.6829158343749999
0 0.697773134375 0.574029046875 0.6904342328124999 0.6629860171875 0.7114103484375 0.6718452703125 0.72391598125 0.582735465625 0.697773134375 0.574029046875
0 0.8135262187500001 0.5915137484375 0.8065792921874999 0.6453647874999999 0.8304286640624999 0.6527094531250001 0.8359689703125 0.5986961390625 0.8135262187500001 0.5915137484375
0 0.530857978125 0.8269632 0.528253290625 0.8454962046875 0.55826933125 0.8571322515625001 0.5606662359375 0.839554371875 0.530857978125 0.8269632
0 0.069961134375 0.87544691875 0.057912056249999996 0.888035059375 0.075814334375 0.929377378125 0.08698698593750001 0.9169670546875001 0.069961134375 0.87544691875
0 0.75919954375 0.0923880171875 0.7403833703125 0.13831382187500002 0.7509555828125001 0.1483181375 0.7712666578125 0.10393240781249999 0.75919954375 0.0923880171875
