0 0.176942878125 0.8664789203125001 0.47359046875 0.8288673781250001 0.45448378749999996 0.757049221875 0.1548223328125 0.7920956953125 0.176942878125 0.8664789203125001
0 0.41169090468749997 0.6469880328125 0.205429421875 0.68752621875 0.1971017953125 0.7805548046874999 0.45198449687500003 0.75219919375 0.41169090468749997 0.6469880328125
0 0.7453298890625 1 0.7319737468749999 0.9393763359375 0.6240943265625 0.9525351015625001 0.634774096875 1 0.7453298890625 1
0 0.11479781093750001 0.7814031203125 0.20788497499999997 0.7724675875 0.1998109828125 0.6814168640625 0.09354575781249999 0.6986028984375 0.11479781093750001 0.7814031203125
0 0.369975153125 0.59098893125 0.378766440625 0.579038228125 0.332520521875 0.567130334375 0.3247175671875 0.5782295796875 0.369975153125 0.59098893125
0 0.26760495156249997 0.560729678125 0.3121393578125 0.575164890625 0.3218408359375 0.5613824171874999 0.2747960578125 0.5500772703125001 0.26760495156249997 0.560729678125
0 0.3571547609375 0.5695973734375 0.36617309531250003 0.5579857296874999 0.32021441093749997 0.544158765625 0.311834596875 0.5551650359375 0.3571547609375 0.5695973734375
0 0.3782193609375 0.6330572640625001 0.3874851546875 0.621672184375 0.3404153125 0.605697765625 0.33062226250000004 0.6179141593749999 0.3782193609375 0.6330572640625001
0 0.33758962656249997 0.605592784375 0.2895756828125 0.5901796 0.2823111234375 0.6023116765625 0.328634525 0.616622759375 0.33758962656249997 0.605592784375
0 0.27733431249999996 0.6006011171875001 0.2872096296875 0.5875658687499999 0.23901588125 0.5749300875000001 0.23077924218749998 0.5884051140625 0.27733431249999996 0.6006011171875001
0 0.2915756734375 0.6462992046875 0.3007649484375 0.6334364234375001 0.24631936250000003 0.6171288234375 0.237841178125 0.6295896703125 0.2915756734375 0.6462992046875
0 0.25548496875 0.5031264734375 0.23207590625000002 0.421157284375 0.16513554531250002 0.4308206859375 0.18877234375000002 0.5169907406250001 0.25548496875 0.5031264734375
0 0.163579821875 0.644843696875 0.1808174984375 0.6437988359375 0.1311971140625 0.49204658593749995 0.10731744218749999 0.49546857187500004 0.163579821875 0.644843696875
0 0.123779584375 0.41886054218749996 0.11410877187499999 0.38783328125 0.09282409999999999 0.39066057656250003 0.10400126093749999 0.42132710468749995 0.123779584375 0.41886054218749996
0 0.09974758125 0.34768724687499997 0.0784230359375 0.351489615625 0.08960335781249999 0.384894440625 0.11357868125 0.3833100203125 0.09974758125 0.34768724687499997
0 0.457274428125 0.3415944515625 0.4356072390625 0.28041744375 0.3089415921875 0.28895945312500004 0.33220144218750003 0.3583421671875 0.457274428125 0.3415944515625
0 0.38050649999999997 0.2199641234375 0.2886697453125 0.23320375937499999 0.294834159375 0.2627101203125 0.3929244984375 0.24907933437500002 0.38050649999999997 0.2199641234375
0 0.3097177375 0.2889803484375 0.40366569375 0.28122969375 0.3944707953125 0.2536200859375 0.30036143125 0.2668273546875 0.3097177375 0.2889803484375
0 0.3283276171875 0.1663189 0.3852000015625 0.1589822109375 0.37761463906250003 0.13528029531250002 0.320570875 0.14113144375 0.3283276171875 0.1663189
0 0.1169677046875 0.4602605515625 0.136540515625 0.4575097265625 0.1232429078125 0.4260290578125 0.1046788109375 0.4285604421875 0.1169677046875 0.4602605515625
0 0.07204218125 0.9569905671875001 0.0853365875 0.94426546875 0.0414869390625 0.926284371875 0.028380326562500002 0.9380838718750001 0.07204218125 0.9569905671875001
0 0.8638269875000001 0.236228784375 0.9123294874999999 0.2163569171875 0.9001373906250001 0.2036127703125 0.8532613734375 0.22506341093749999 0.8638269875000001 0.236228784375
