0 0.7075237015625 0.5060559796875 0.7519782015625001 0.4757795734375 0.73316726875 0.3980564484375 0.6850457421875 0.4356776359375 0.7075237015625 0.5060559796875
0 0.599338053125 0.34500365781250003 0.5690272109375 0.252118028125 0.4856620828125 0.310322215625 0.514837546875 0.40381079375000006 0.599338053125 0.34500365781250003
0 0.4955446546875 0.41311494687500006 0.42484110781249995 0.472431765625 0.4690435359375 0.6186146531250001 0.5406470046875 0.5678760734375 0.4955446546875 0.41311494687500006
0 0.4185521234375 0.46642605000000004 0.3978022796875 0.38361799531249996 0.3088886375 0.44617989375 0.33527815 0.5256908859375 0.4185521234375 0.46642605000000004
0 0.339407678125 0.5680416625 0.3140556875 0.47280886093749996 0.2652894828125 0.4913652328125 0.2869883984375 0.600654721875 0.339407678125 0.5680416625
0 0.365586690625 0.5465801859375 0.3288357859375 0.575189515625 0.35738915625 0.6787382828124999 0.392801153125 0.6521265546875 0.365586690625 0.5465801859375
0 0.421453784375 0.6894059203125 0.4708529578125 0.6305124765625 0.43050833437499997 0.50998074375 0.3748925453125 0.5458512640625 0.421453784375 0.6894059203125
0 0.46447121874999997 0.877189859375 0.42065312343750005 0.72715684375 0.3525468140625 0.7695664718749999 0.3924376734375 0.9189689359375001 0.46447121874999997 0.877189859375
0 0.3244421046875 0.6951470625 0.34793015625 0.7741232375 0.3966567890625 0.7418640937500001 0.3678953875 0.6646947437499999 0.3244421046875 0.6951470625
0 0.476988796875 0.8419061140625 0.51834128125 0.819583575 0.4823374203125 0.63674846875 0.42923221875 0.673106784375 0.476988796875 0.8419061140625
0 0.6100848796875 0.5009641578124999 0.5840923124999999 0.4045258828125 0.5437055171875 0.4334073328125 0.5721233234375 0.5245770000000001 0.6100848796875 0.5009641578124999
