0 0.4394967765625 0.6959336515625 0.404109346875 0.7411979625 0.4772176609375 0.7588919953125 0.50569640625 0.71707698125 0.4394967765625 0.6959336515625
0 0.40952202812499994 0.5358315671875 0.321584334375 0.508388396875 0.26683602031250003 0.5868037203124999 0.354206565625 0.61531485625 0.40952202812499994 0.5358315671875
0 0.56384593125 0.5601085890624999 0.6115719078125 0.49275657656250005 0.4740686296875 0.4511786671875 0.418273746875 0.517684190625 0.56384593125 0.5601085890624999
0 0.5241654890625 0.366933509375 0.44937546250000004 0.34211087500000004 0.3905281765625 0.42574526874999996 0.46841950312499997 0.44526309062499997 0.5241654890625 0.366933509375
0 0.5946783484375 0.3215109625 0.491877921875 0.3011004203125 0.47442333437500006 0.34697113125 0.5640016890624999 0.37081784687499997 0.5946783484375 0.3215109625
0 0.6430940406250001 0.421041084375 0.668125696875 0.387731675 0.5707251375 0.3608736609375 0.5438144874999999 0.39544248125000003 0.6430940406250001 0.421041084375
0 0.5431288453125 0.4041958 0.5093881375 0.45650940156250003 0.6227632984375 0.4944585640625 0.67815994375 0.44799246562499995 0.5431288453125 0.4041958
0 0.8940926546875 0.4206991859375 0.7535609625 0.383176846875 0.71366940625 0.44723934375 0.8547942109375001 0.48845574062499997 0.8940926546875 0.4206991859375
0 0.65491599375 0.3976140984375 0.7275034125000001 0.42466779218750006 0.7578471703125 0.378834303125 0.6835602062499999 0.3567408546875 0.65491599375 0.3976140984375
0 0.66282856875 0.45530905625000007 0.628629028125 0.5052611359375 0.8006083 0.5391272671875 0.8216054390625 0.5002300875000001 0.66282856875 0.45530905625000007
0 0.5231177406249999 0.5897160015625 0.43736127187499996 0.5629855015625 0.41019465781250003 0.60097433125 0.5009069109375 0.625423590625 0.5231177406249999 0.5897160015625
