0 0.6291146140625 0.7645255140625 0.5897952484375 0.714231834375 0.5162401046875 0.7377244234375 0.5478831546875 0.78418555 0.6291146140625 0.7645255140625
0 0.7208090734375 0.50584821875 0.623100525 0.5363406296875 0.68456215 0.6246553953125 0.7816405328125 0.59297635625 0.7208090734375 0.50584821875
0 0.3986006578125 0.48847952968749997 0.4516295203125 0.5633150984374999 0.6133763921875001 0.516176878125 0.551382078125 0.442281853125 0.3986006578125 0.48847952968749997
0 0.5788189312500001 0.3210954171875 0.4957189015625 0.34867612187499997 0.5576588859375 0.4357089890625 0.644204803125 0.41402252031250003 0.5788189312500001 0.3210954171875
0 0.531593975 0.2755282453125 0.4173712796875 0.298206625 0.45145645625 0.3529920515625 0.5509879625 0.32649570156249996 0.531593975 0.2755282453125
0 0.33576311406250003 0.37178519374999996 0.363576065625 0.40879564999999995 0.47388668125000005 0.38035275625 0.44398595781249994 0.34194295625 0.33576311406250003 0.37178519374999996
0 0.51213818125 0.448204890625 0.4746485046875 0.3900786671875 0.3246139515625 0.438741628125 0.3861657796875 0.49037062656249997 0.51213818125 0.448204890625
0 0.2408350421875 0.36672427500000004 0.0846887171875 0.40841576249999995 0.12835365468749999 0.48370082343750004 0.28515899375 0.4379048265625 0.2408350421875 0.36672427500000004
0 0.269787875 0.412825325 0.3504405625 0.382765665625 0.318613659375 0.33735095 0.2360725890625 0.361899225 0.269787875 0.412825325
0 0.37964830156249996 0.502373484375 0.3416488125 0.4468711734375 0.1652300671875 0.49678343125 0.188560221875 0.5400025187499999 0.37964830156249996 0.502373484375
0 0.5921680312500001 0.56651166875 0.49688306562499995 0.5962122234375 0.521561765625 0.6358873234375 0.6223531578125 0.6087214796875 0.5921680312500001 0.56651166875
