0 0.2411080046875 0.4772176609375 0.28292301875 0.50569640625 0.3040663484375 0.4394967765625 0.2588020375 0.404109346875 0.2411080046875 0.4772176609375
0 0.41319627968750006 0.26683602031250003 0.38468514374999996 0.354206565625 0.4641684328125 0.40952202812499994 0.49161160312499996 0.321584334375 0.41319627968750006 0.26683602031250003
0 0.5488213328125 0.4740686296875 0.482315809375 0.418273746875 0.4398914109375 0.56384593125 0.5072434234375 0.6115719078125 0.5488213328125 0.4740686296875
0 0.57425473125 0.3905281765625 0.5547369093750001 0.46841950312499997 0.633066490625 0.5241654890625 0.657889125 0.44937546250000004 0.57425473125 0.3905281765625
0 0.65302886875 0.47442333437500006 0.629182153125 0.5640016890624999 0.6784890375 0.5946783484375 0.6988995796874999 0.491877921875 0.65302886875 0.47442333437500006
0 0.6391263390625 0.5707251375 0.60455751875 0.5438144874999999 0.578958915625 0.6430940406250001 0.612268325 0.668125696875 0.6391263390625 0.5707251375
0 0.5055414359375 0.6227632984375 0.552007534375 0.67815994375 0.5958042 0.5431288453125 0.5434905984375 0.5093881375 0.5055414359375 0.6227632984375
0 0.55276065625 0.71366940625 0.511544259375 0.8547942109375001 0.5793008140625 0.8940926546875 0.616823153125 0.7535609625 0.55276065625 0.71366940625
0 0.621165696875 0.7578471703125 0.6432591453125001 0.6835602062499999 0.6023859015624999 0.65491599375 0.5753322078124999 0.7275034125000001 0.621165696875 0.7578471703125
0 0.4608727328125 0.8006083 0.49976991249999997 0.8216054390625 0.5446909437499999 0.66282856875 0.4947388640625 0.628629028125 0.4608727328125 0.8006083
0 0.39902566875 0.41019465781250003 0.37457640937500003 0.5009069109375 0.41028399843749996 0.5231177406249999 0.4370144984375 0.43736127187499996 0.39902566875 0.41019465781250003
