0 0.794039403125 0.4490103859375 0.7437457234375 0.4883297515625 0.7672383125 0.5618848953125 0.8136994390625001 0.5302418453125 0.794039403125 0.4490103859375
0 0.5353621078125 0.3573159265625 0.5658545187499999 0.455024475 0.654169284375 0.39356285 0.6224902453125 0.2964844671875 0.5353621078125 0.3573159265625
0 0.5179934187499999 0.6795243421875 0.5928289875 0.6264954796875 0.5456907671875 0.46474860781249994 0.471795740625 0.526742921875 0.5179934187499999 0.6795243421875
0 0.35060930625000003 0.49930606875 0.3781900109375 0.5824060984375 0.46522287812499996 0.5204661140625 0.44353640937499994 0.43392019687500005 0.35060930625000003 0.49930606875
0 0.305042134375 0.546531025 0.3277205140625 0.6607537203125 0.382505940625 0.6266685437499999 0.356009590625 0.5271370375 0.305042134375 0.546531025
0 0.4012990828125 0.7423618859375 0.4383095375 0.714548934375 0.40986664531250006 0.60423831875 0.3714568453125 0.6341390421875001 0.4012990828125 0.7423618859375
0 0.47771877968750004 0.56598681875 0.41959255625 0.6034764953125 0.4682555171875 0.7535110484375 0.519884515625 0.6919592203125 0.47771877968750004 0.56598681875
0 0.3962381625 0.8372899578125 0.43792965156249997 0.9934362828125 0.5132147125000001 0.9497713453125 0.46741871562500004 0.79296600625 0.3962381625 0.8372899578125
0 0.44233921406250004 0.8083371250000001 0.41227955312500003 0.7276844375 0.3668648390625 0.759511340625 0.3914131140625 0.8420524109375 0.44233921406250004 0.8083371250000001
0 0.5318873734375 0.6984766984374999 0.4763850625 0.7364761875 0.52629731875 0.9128949328125 0.5695164078125 0.889564778125 0.5318873734375 0.6984766984374999
0 0.5960255578125 0.48595696874999994 0.6257261125 0.581241934375 0.6654012125000001 0.556563234375 0.63823536875 0.4557718421875 0.5960255578125 0.48595696874999994
