0 0.2613227046875 0.6005873296875001 0.30730549687500003 0.5646381953125 0.285826559375 0.49738777812499996 0.2433478140625 0.5263185671875 0.2613227046875 0.6005873296875001
0 0.4978276609375 0.6844222640625001 0.46994888437500004 0.5950887328125 0.38920395625 0.65128221875 0.4181676484375 0.7400395984375 0.4978276609375 0.6844222640625001
0 0.5137076046875 0.38983171250000004 0.44528651249999995 0.43831524374999997 0.48838431406250005 0.5861980984375 0.55594548125 0.5295175828125 0.5137076046875 0.38983171250000004
0 0.6667445078124999 0.5546027046875001 0.6415278640625 0.478625534375 0.5619549562499999 0.5352563781249999 0.581782584375 0.614384075 0.6667445078124999 0.5546027046875001
0 0.7084059218750001 0.511425603125 0.687671403125 0.4069934234375 0.6375818703125 0.43815701406249996 0.6618071046875 0.529157246875 0.7084059218750001 0.511425603125
0 0.62039956875 0.33238024374999997 0.5865614375 0.357809228125 0.61256636875 0.45866464687499997 0.6476839 0.43132684374999997 0.62039956875 0.33238024374999997
0 0.55053013125 0.49363744687500005 0.6036741078125 0.4593611734375 0.5591822578125 0.3221867234375 0.5119786015625001 0.37846268125 0.55053013125 0.49363744687500005
0 0.6250266953125 0.2455888640625 0.5869087640624999 0.102826509375 0.5180767078125 0.1427487375 0.5599473328125 0.28611361875 0.6250266953125 0.2455888640625
0 0.5828771640625 0.272060025 0.61036028125 0.345799625 0.65188230625 0.3167007421875 0.6294381687499999 0.24123462031249998 0.5828771640625 0.272060025
0 0.5010045609375 0.37250384375 0.5517495296875 0.33776145468749996 0.5061154671875 0.176464315625 0.466600871875 0.19779474218749998 0.5010045609375 0.37250384375
0 0.442363934375 0.566807596875 0.41520914062500003 0.47968991406250006 0.378934765625 0.502253296875 0.4037721078125 0.5944054265625 0.442363934375 0.566807596875
