0 0.52183391875 0.2448699734375 0.49253102968749995 0.2878950671875 0.560646403125 0.3096502625 0.59705790625 0.2630760515625 0.52183391875 0.2448699734375
0 0.7383037734375 0.42193829374999997 0.6484048203125 0.3926020765625 0.5914885890625 0.47438552500000003 0.681971103125 0.502622871875 0.7383037734375 0.42193829374999997
0 0.5250740781250001 0.5614881875 0.5824836046875 0.4930580671875 0.4326987203125 0.449405953125 0.38359160625 0.518707059375 0.5250740781250001 0.5614881875
0 0.6110321015625 0.5876576015625 0.530886684375 0.5675749546875 0.47352747031250003 0.648171309375 0.5504818390625 0.6737122828125 0.6110321015625 0.5876576015625
0 0.524709109375 0.6687113765625 0.4325384546875 0.6441745625 0.40097404687499993 0.694908334375 0.5067494046875 0.7159095359375 0.524709109375 0.6687113765625
0 0.4256204375 0.654406521875 0.45330985156250003 0.61883731875 0.3511572578125 0.5924979203125 0.3254012125 0.6267712671875 0.4256204375 0.654406521875
0 0.3720763484375 0.51695581875 0.3150765859375 0.5647665953125001 0.4540153359375 0.6098306874999999 0.48873246249999996 0.5560031875 0.3720763484375 0.51695581875
0 0.2785395171875 0.5655415109375 0.133330715625 0.52313235625 0.0928950171875 0.5928497125 0.23749354375 0.63145790625 0.2785395171875 0.5655415109375
0 0.23308329687499998 0.6359261187499999 0.3095200453125 0.658658928125 0.33899318906250003 0.61660285625 0.2643051703125 0.588766259375 0.23308329687499998 0.6359261187499999
0 0.1890847078125 0.47099445156249997 0.167479934375 0.5110172734375 0.3308516328125 0.5572382703125001 0.366040871875 0.50584063125 0.1890847078125 0.47099445156249997
0 0.59079649375 0.4073576015625 0.4974591265625 0.3822008078125 0.474605540625 0.418941734375 0.5628437078124999 0.4464457859375 0.59079649375 0.4073576015625
