0 0.550674221875 0.291697225 0.5868530640625 0.24542061406250001 0.5121097390625 0.2273308671875 0.4829940890625 0.2700810421875 0.550674221875 0.291697225
0 0.5813193328125 0.45537986718749995 0.671223684375 0.4834367828125 0.7271964015625 0.40326776249999996 0.6378718812499999 0.374118996875 0.5813193328125 0.45537986718749995
0 0.4235440953125 0.430559909375 0.374750765625 0.49941819687500005 0.515329196875 0.5419259624999999 0.5723718875 0.4739330953125 0.4235440953125 0.430559909375
0 0.464111959375 0.6280551984375 0.54057460625 0.6534329718749999 0.6007379671875 0.567928159375 0.5211046609375 0.5479738375000001 0.464111959375 0.6280551984375
0 0.3920221359375 0.6744935843750001 0.4971216140625 0.6953605921875 0.514966559375 0.64846401875 0.4233848546875 0.624083990625 0.3920221359375 0.6744935843750001
0 0.3425236640625 0.57273755 0.3169321953125 0.6067918984375 0.4165110421875 0.6342505703125 0.4440235265625 0.5989086453125 0.3425236640625 0.57273755
0 0.44472450312499995 0.589959565625 0.47921979531250003 0.5364760109375 0.3633090875 0.4976781453125 0.30667354062499996 0.545183421875 0.44472450312499995 0.589959565625
0 0.0859116625 0.57308709375 0.2295862359375 0.611448590625 0.27036993593749997 0.5459533859375 0.1260889859375 0.5038152171875 0.0859116625 0.57308709375
0 0.3304373234375 0.5966884609374999 0.25622654375 0.5690297328125 0.2252041703125 0.615888253125 0.3011525046875 0.638475803125 0.3304373234375 0.5966884609374999
0 0.3223477890625 0.5377032015625 0.357312175 0.4866339828125 0.18148672187499998 0.4520104609375 0.1600199984375 0.491777546875 0.3223477890625 0.5377032015625
0 0.46518314062500005 0.40029035 0.5528574859375001 0.42761865625000006 0.580631659375 0.3887802359375 0.4878906984375 0.3637841890625 0.46518314062500005 0.40029035
