0 0.5330907093749999 0.25772225312499997 0.571090634375 0.20911628124999998 0.4925850625 0.190115978125 0.46200385937500005 0.23501800624999997 0.5330907093749999 0.25772225312499997
0 0.5652783593749999 0.4296439546875 0.659708096875 0.45911313125 0.7184982328125 0.37490875625000003 0.6246775140625 0.344292771875 0.5652783593749999 0.4296439546875
0 0.39956141562499997 0.40357466875 0.34831204531250004 0.47589897812500004 0.49596657187500004 0.520546396875 0.555880540625 0.44913107031250005 0.39956141562499997 0.40357466875
0 0.4421712875 0.6110109968749999 0.5224827249999999 0.637666175 0.585674440625 0.5478574296875001 0.5020327484375 0.5268986953125 0.4421712875 0.6110109968749999
0 0.3664527796875 0.6597868859375 0.47684249999999995 0.6817042468750001 0.49558568125 0.6324471078125 0.399394159375 0.6068398953125 0.3664527796875 0.6597868859375
0 0.314462775 0.552908903125 0.28758314375 0.5886773953125 0.3921743484375 0.6175182171875 0.421071690625 0.5803973359375 0.314462775 0.552908903125
0 0.4218079515625 0.5709977984375 0.458039584375 0.51482211875 0.33629444531249997 0.474071340625 0.2768081140625 0.523967821875 0.4218079515625 0.5709977984375
0 0.0449340625 0.5532760421875 0.1958405765625 0.5935684859375 0.23867714687500002 0.52477654375 0.0871337328125 0.480517325 0.0449340625 0.5532760421875
0 0.3017680609375 0.578065396875 0.22382183906250003 0.5490144515625001 0.1912379375 0.5982316203125 0.271009175 0.6219561296875 0.3017680609375 0.578065396875
0 0.2932713359375 0.5161110812499999 0.32999567500000004 0.4624712640625 0.145319946875 0.4261049484375 0.1227726828125 0.46787373125 0.2932713359375 0.5161110812499999
0 0.4432963859375 0.37178147500000003 0.53538386875 0.4004853671875 0.564556071875 0.35969199375 0.467146940625 0.3334377546875 0.4432963859375 0.37178147500000003
