0 0.79447985 0.209611803125 0.7195690781249999 0.24239222656249998 0.74595083125 0.269784290625 0.83653925625 0.237125046875 0.79447985 0.209611803125
0 0.8472545312499999 0.23525398437499997 0.7526533171875001 0.27110587656249996 0.7950703859375 0.3053135171875 0.8875564140625001 0.2662414703125 0.8472545312499999 0.23525398437499997
0 0.8057412578125 0.30452065781250004 0.8974106703125001 0.3237459640625 0.9094898468749999 0.2953650234375 0.81977531875 0.277495375 0.8057412578125 0.30452065781250004
0 0.8203382109374999 0.3026128734375 0.8000916171875 0.3235719203125 0.8760043546875 0.353371528125 0.895281478125 0.3245614609375 0.8203382109374999 0.3026128734375
0 0.81361755 0.42890254531250005 0.87521509375 0.353826871875 0.7902885578125 0.31313991093750004 0.7274859421875 0.3958491734375 0.81361755 0.42890254531250005
0 0.6113859359375 0.52608285 0.6794798203125 0.5464676609375 0.7059011234375 0.5063894390625 0.6450372375 0.48613157031250004 0.6113859359375 0.52608285
0 0.5099335546875 0.49030168906249993 0.45183912187499997 0.5473891546874999 0.5440646078125 0.5814968640625 0.6039481671875 0.5224428828125001 0.5099335546875 0.49030168906249993
0 0.523004284375 0.6793998593749999 0.6116535609375 0.6845289593749999 0.69810466875 0.5575565375 0.609752415625 0.542268275 0.523004284375 0.6793998593749999
0 0.46226938281249996 0.560026159375 0.40087764375 0.653509025 0.50449234375 0.6837845921875 0.5563005703125 0.5923114328125 0.46226938281249996 0.560026159375
0 0.0540764140625 0.5370233015625 0.1076098 0.55149355 0.155811421875 0.4614375296875 0.104305359375 0.44344763125000003 0.0540764140625 0.5370233015625
0 0.1710414671875 0.478484128125 0.11375379687500001 0.5507270359375 0.17532745156250001 0.5715607265625 0.2269586484375 0.504617071875 0.1710414671875 0.478484128125
0 0.36042752031249997 0.44213484062499997 0.177081709375 0.3678155703125 0.114372675 0.4440750515625 0.31425989374999996 0.5052368859375 0.36042752031249997 0.44213484062499997
0 0.2378944734375 0.486316859375 0.1699472109375 0.5794364140625 0.39569436874999997 0.6511534250000001 0.4511123265625 0.558652821875 0.2378944734375 0.486316859375
0 0.4360603390625 0.4375371765625 0.3563009390625 0.504740434375 0.45808455937500003 0.5392580984374999 0.51641265 0.47755779687500005 0.4360603390625 0.4375371765625
0 0.5095889546875 0.3530351375 0.42053168124999996 0.44711557031250004 0.5951653734375 0.5214179390625 0.667571453125 0.42287283125 0.5095889546875 0.3530351375
0 0.593076621875 0.2497726390625 0.5404753265625 0.331949959375 0.70112378125 0.39035769375 0.7563303234375 0.32527728906250003 0.593076621875 0.2497726390625
0 0.6159091453125 0.25003234375 0.6108500671875 0.2578615328125 0.6396643609375 0.2699003875 0.6487339890625 0.26169818437500003 0.6159091453125 0.25003234375
0 0.3691413890625 0.417206384375 0.40226502656249996 0.43230966875 0.4465086484375 0.3736680078125 0.41034416093750004 0.3629348265625 0.3691413890625 0.417206384375
0 0.61829828125 0.7608816796875 0.6644500671875 0.7728470078125 0.7114978984375 0.7185070109375 0.6702306015625 0.7060637546875 0.61829828125 0.7608816796875
0 0.825925509375 0.6361715609374999 0.7569326828125 0.6063921703124999 0.681547596875 0.6853360015625001 0.7541919890625 0.7154154609375001 0.825925509375 0.6361715609374999
