0 0.21960189218749998 0.7499613234375 0.2905330296875 0.7189223609375001 0.26555280625 0.6929855 0.17977689218749998 0.7239097218749999 0.21960189218749998 0.7499613234375
0 0.16963086562500002 0.7256813828124999 0.259206390625 0.6917341234375 0.21904272812499997 0.6593437640625 0.1314700203125 0.6963401078125 0.16963086562500002 0.7256813828124999
0 0.208938746875 0.6600945015625 0.122139271875 0.6418905406250001 0.11070180156250001 0.66876374375 0.1956502453125 0.6856840671875 0.208938746875 0.6600945015625
0 0.19511725625 0.6619009359375 0.21428824999999999 0.6420553375 0.1424083765625 0.613838834375 0.12415535 0.6411183671875 0.19511725625 0.6619009359375
0 0.2014808828125 0.542320403125 0.1431557078125 0.61340768125 0.223570521875 0.651933146875 0.2830367484375 0.5736178140625 0.2014808828125 0.542320403125
0 0.3929689421875 0.4503028015625 0.3284925453125 0.4310009328125 0.3034748734375 0.46895 0.361105365625 0.48813166875 0.3929689421875 0.4503028015625
0 0.48903166562499994 0.48418308750000005 0.54403983125 0.43012839375 0.456713825 0.39783265624999997 0.4000115796875 0.45374939531249997 0.48903166562499994 0.48418308750000005
0 0.47665531874999995 0.3051307578125 0.392715534375 0.30027414218750004 0.3108571421875 0.420501153125 0.39451568125 0.4349772265625 0.47665531874999995 0.3051307578125
0 0.534163678125 0.4181627296875 0.59229398125 0.3296461421875 0.49418381250000004 0.3009789640625 0.445127896875 0.3875926125 0.534163678125 0.4181627296875
0 0.9206713953125 0.4399435609375 0.8699819703125 0.42624204531250004 0.8243410593749999 0.5115138390625 0.8731108624999999 0.5285480234375 0.9206713953125 0.4399435609375
0 0.8099201109375 0.495372840625 0.8641643734375 0.4269678375 0.8058618187500001 0.4072409375 0.7569735296875 0.47062820937499994 0.8099201109375 0.495372840625
0 0.6305951921874999 0.5297910734375 0.80420075625 0.6001621312500001 0.8635783734375 0.5279539359375 0.6743101625000001 0.47004132343749994 0.6305951921874999 0.5297910734375
0 0.7466186703125001 0.4879562234375 0.810956234375 0.3997836453125 0.5972018953125 0.3318766 0.544728015625 0.419463109375 0.7466186703125001 0.4879562234375
0 0.5589803671875 0.5341444859375 0.6345025484375 0.4705114015625 0.5381261828125 0.4378274875 0.482896771875 0.49624996093749996 0.5589803671875 0.5341444859375
0 0.4893579578125 0.6141573546875 0.5736840640625 0.52507494375 0.40832778750000004 0.45471988906250005 0.3397682796875 0.5480297875 0.4893579578125 0.6141573546875
0 0.4103055734375 0.7119340328125 0.460112425 0.6341223828125 0.3079984203125 0.578817559375 0.255724725 0.6404405671875 0.4103055734375 0.7119340328125
0 0.388686028125 0.711688125 0.3934763421875 0.7042748609375 0.36619280781249997 0.6928755703125 0.3576050046875 0.70064203125 0.388686028125 0.711688125
0 0.622344246875 0.5533952046875 0.590980303125 0.5390942828124999 0.5490871234375 0.5946206046875 0.583330371875 0.6047835859374999 0.622344246875 0.5533952046875
0 0.386423815625 0.22797765937499997 0.34272384218749996 0.2166479890625 0.29817542812500003 0.2681011734375 0.33725039843750004 0.27988338281249997 0.386423815625 0.22797765937499997
0 0.1898267828125 0.346062553125 0.255154365625 0.3742599140625 0.32653461875 0.2995099734375 0.2577494609375 0.2710284859375 0.1898267828125 0.346062553125
