0 0.68374281875 0.740010409375 0.7169500375 0.8321187734375 0.7449249109375 0.7893536734375 0.71159448125 0.7131860078125001 0.68374281875 0.740010409375
0 0.6476174640625 0.7899541171875 0.6873450828125 0.8839919249999999 0.7188524921874999 0.8430138359375 0.682399059375 0.746825353125 0.6476174640625 0.7899541171875
0 0.6577328796875 0.9062933671875 0.6759023546875 0.8150735625 0.6484236265625001 0.8008040296875001 0.6288757484375 0.8940115203125 0.6577328796875 0.9062933671875
0 0.5987531109375 0.8722460390625001 0.62804656875 0.8918466046875 0.6503634218750001 0.8156459 0.6290527109374999 0.795059596875 0.5987531109375 0.8722460390625001
0 0.6396597546875 0.7850920578125 0.555562753125 0.72123570625 0.5219547953125 0.8088124750000001 0.598290128125 0.8714435359375001 0.6396597546875 0.7850920578125
0 0.4431677859375 0.6992887265625 0.46376555 0.637403634375 0.4231439484375 0.6031877125 0.40241710937499997 0.6724241125 0.4431677859375 0.6992887265625
0 0.36680016718749997 0.5347368328125001 0.4268449875 0.5956251499999999 0.4595254625 0.5000331109375 0.4014801546875 0.44096393906250003 0.36680016718749997 0.5347368328125001
0 0.391142178125 0.6913614578125 0.4066869546875 0.6015267859375 0.2672545046875 0.513323146875 0.262039346875 0.603459828125 0.391142178125 0.6913614578125
0 0.262796203125 0.4945006046875 0.355804146875 0.547178096875 0.38863111875 0.45156920468750006 0.29357975000000003 0.389147403125 0.262796203125 0.4945006046875
0 0.48887392187499995 0.13996933281249999 0.5071656625000001 0.0875990734375 0.41201993124999997 0.036527360937499996 0.39730689375 0.09095895781249999 0.48887392187499995 0.13996933281249999
0 0.3769030203125 0.15981281249999998 0.4449698890625 0.212310303125 0.4715413046875 0.1554549140625 0.39808626875 0.0972060421875 0.3769030203125 0.15981281249999998
0 0.5065277171875 0.097835303125 0.44433967656249995 0.3010763359375 0.50850048125 0.3480185859375 0.58406671875 0.161596503125 0.5065277171875 0.097835303125
0 0.295974871875 0.383877159375 0.3900275 0.44022495 0.463577153125 0.22342961562500002 0.36889518906249996 0.1543422984375 0.295974871875 0.383877159375
0 0.40974763750000004 0.44731416562500004 0.4724831796875 0.506620915625 0.5131752875 0.42492041093750005 0.4448444578125 0.3438227671875 0.40974763750000004 0.44731416562500004
0 0.4278871296875 0.58669499375 0.528085678125 0.660315940625 0.5990951453125 0.4996827296875 0.50343618125 0.40913120625 0.4278871296875 0.58669499375
0 0.5611463718749999 0.6944312265625 0.6273187296875 0.750564053125 0.7040902359375 0.584571196875 0.620534103125 0.531087328125 0.5611463718749999 0.6944312265625
0 0.6836247734375 0.631940609375 0.691964596875 0.6411624109375 0.703826175 0.607786815625 0.695865621875 0.6026428546875 0.6836247734375 0.631940609375
0 0.5781160859375001 0.435544028125 0.5890293546875001 0.3987727546875 0.5338472000000001 0.3568786609375 0.5184905046875 0.39055806406250004 0.5781160859375001 0.435544028125
0 0.22749119218749997 0.70497940625 0.2401432296875 0.66301970625 0.184405540625 0.6102160375000001 0.1722394515625 0.6571421828124999 0.22749119218749997 0.70497940625
0 0.2612187640625 0.674526584375 0.230634615625 0.748389840625 0.3112081109375 0.8213269453125 0.34148715625000003 0.7511765203125 0.2612187640625 0.674526584375
