0 0.2024922765625 0.7580245921875 0.2757115140625 0.725984371875 0.249925478125 0.6992108390625 0.1613825984375 0.731132615625 0.2024922765625 0.7580245921875
0 0.15090928125 0.732961428125 0.2433743390625 0.6979190953125001 0.2019150734375 0.6644838859375 0.11151744062499999 0.702673659375 0.15090928125 0.732961428125
0 0.1914851578125 0.665258840625 0.1018857 0.6464676546875 0.0900792796875 0.6742077359375 0.1777679953125 0.6916738765625 0.1914851578125 0.665258840625
0 0.1772178125 0.667123546875 0.1970072265625 0.6466377671875 0.122808646875 0.6175110546875 0.10396681249999999 0.645670571875 0.1772178125 0.667123546875
0 0.1837867171875 0.5436855781250001 0.1235800859375 0.61706599375 0.2065889265625 0.656834215625 0.2679734171875 0.5759925828125 0.1837867171875 0.5436855781250001
0 0.38145181093749997 0.44869966562499997 0.31489553125 0.42877515624999996 0.2890708375 0.4679483875 0.348560378125 0.48774881875 0.38145181093749997 0.44869966562499997
0 0.4806133328125 0.4836728640625 0.5373959546875 0.4278744703125 0.44725298125 0.3945369359375 0.38872163125000003 0.45225744062500006 0.4806133328125 0.4836728640625
0 0.4678377484375 0.298844653125 0.3811902296875 0.29383137187499997 0.29669124375 0.41793667343749996 0.3830484453125 0.4328797171875 0.4678377484375 0.298844653125
0 0.527201215625 0.41552281718749995 0.587206690625 0.32415085625 0.48593167812500004 0.29455893125 0.4352933125 0.3839665671875 0.527201215625 0.41552281718749995
0 0.9261769234375 0.43800625625 0.8738523562499999 0.42386275625 0.8267391578125001 0.511885253125 0.8770821812499999 0.529468928125 0.9261769234375 0.43800625625
0 0.8118530171874999 0.49522357812499995 0.8678470953125 0.42461196093750003 0.8076638125000001 0.404248709375 0.7571984828125 0.4696807328125 0.8118530171874999 0.49522357812499995
0 0.6267434234375 0.5307520765625 0.8059491671875 0.6033931671875 0.8672421921875 0.5288556765625 0.6718685546875001 0.4690749140625 0.6267434234375 0.5307520765625
0 0.7465095953125 0.4875677140625 0.8129225640625 0.396550859375 0.5922729234374999 0.3264532640625 0.5381063390625 0.4168651453125 0.7465095953125 0.4875677140625
0 0.55281844375 0.5352459203125 0.6307768234375 0.46956015625 0.53129154375 0.435821921875 0.47428053906249995 0.4961289921875 0.55281844375 0.5352459203125
0 0.48095014999999997 0.61783985 0.5679964531249999 0.5258838124999999 0.397306103125 0.453259240625 0.3265349984375 0.5495791359375 0.48095014999999997 0.61783985
0 0.3993476890625 0.7187706140625 0.45076121249999995 0.6384489109375 0.2937403046875 0.5813600609375 0.2397803609375 0.6449709078125 0.3993476890625 0.7187706140625
0 0.3770307390625 0.7185167734375 0.3819755796875 0.710864371875 0.35381193125 0.6990973625 0.34494710156249997 0.7071143546875 0.3770307390625 0.7185167734375
0 0.61822631875 0.55511763125 0.5858506359375 0.5403553890625 0.5426060625 0.5976728828125 0.5779539328125 0.6081637015625 0.61822631875 0.55511763125
0 0.3746955515625 0.2192027453125 0.3295859015625 0.2075076015625 0.28360044218749997 0.26062056562499997 0.3239358953125 0.272782846875 0.3746955515625 0.2192027453125
0 0.1717566796875 0.3410968296875 0.239191603125 0.3702037828125 0.31287444531249997 0.293042553125 0.2418704109375 0.2636423078125 0.1717566796875 0.3410968296875
