0 0.779847984375 0.2575273546875 0.8135173671875 0.180585103125 0.7852580031249999 0.13738510312500002 0.7517130843750001 0.23043016249999998 0.779847984375 0.2575273546875
0 0.750355659375 0.223545915625 0.7871798046875 0.12637924375 0.75535198125 0.084984428125 0.7152203546875 0.179978553125 0.750355659375 0.223545915625
0 0.69628804375 0.0748629390625 0.7160347140625001 0.1690183015625 0.7437928859375 0.15460365625 0.7254386375 0.0624561921875 0.69628804375 0.0748629390625
0 0.69646680625 0.174821153125 0.7179942359375 0.1540254984375 0.6954504328125 0.077049871875 0.665859075 0.0968497640625 0.69646680625 0.174821153125
0 0.6653913828125 0.097660428125 0.588279759375 0.160928415625 0.62222949375 0.24939579531249997 0.70718171875 0.1848900578125 0.6653913828125 0.097660428125
0 0.46752643593750004 0.29870377812500004 0.48846405624999994 0.3686442765625 0.529498759375 0.334080396875 0.5086915249999999 0.2715659640625 0.46752643593750004 0.29870377812500004
0 0.466579953125 0.5325177828125 0.525215553125 0.47284790781249997 0.492202734375 0.376283746875 0.43154728750000004 0.43779126718750005 0.466579953125 0.5325177828125
0 0.325721103125 0.36836939375 0.330989296875 0.45942271874999996 0.471839703125 0.37032209531250004 0.45613684374999997 0.2795738484375 0.325721103125 0.36836939375
0 0.35758225625 0.5848612671875 0.4536002484375 0.5218046671875001 0.42043944375000003 0.42522348125000003 0.32648565625 0.478436678125 0.35758225625 0.5848612671875
0 0.46236425312499996 0.8860821375000001 0.4772269140625 0.9410672765625 0.573340228125 0.8894761890625 0.55486246875 0.8365733531249999 0.46236425312499996 0.8860821375000001
0 0.463151553125 0.8797715234375 0.5373535890625 0.8209302890625001 0.51051195625 0.7634967109375 0.44175288124999995 0.8165280750000001 0.463151553125 0.8797715234375
0 0.651023328125 0.81472624375 0.574688621875 0.62640834375 0.509875334375 0.6738279734375 0.5726957953125 0.8791358625000001 0.651023328125 0.81472624375
0 0.433663615625 0.8220542203125 0.5293084453125 0.7522643203125 0.45501083124999997 0.5332642875 0.36000173593749996 0.59018510625 0.433663615625 0.8220542203125
0 0.5103852484375 0.6306468328125 0.5794109671875 0.548724465625 0.5383050421875 0.4661931078125 0.4749315125 0.5261029781250001 0.5103852484375 0.6306468328125
0 0.5695728203125 0.5646742390624999 0.6662045875 0.47320185312499996 0.5944729890625 0.31093508281250004 0.4932554734375 0.38530471875 0.5695728203125 0.5646742390624999
0 0.6878615671875 0.44147788437499996 0.772267425 0.3874501140625 0.6947151921875 0.21976919375 0.6278698953124999 0.2764728625 0.6878615671875 0.44147788437499996
0 0.7639591718750001 0.3691946765625 0.7720006781250001 0.363998403125 0.7600184750000001 0.3302833953125 0.7515938390625 0.339598978125 0.7639591718750001 0.3691946765625
0 0.5847802390625 0.5834362609375 0.6002931031250001 0.617458165625 0.6560364328125 0.5751380312500001 0.64501218125 0.5379928125 0.5847802390625 0.5834362609375
0 0.23500798750000002 0.31414111718750004 0.24729779999999998 0.361544478125 0.3036023140625 0.308203821875 0.2908216125 0.2658174140625 0.23500798750000002 0.31414111718750004
0 0.40597685625 0.21915049843749998 0.3753898875 0.1482866796875 0.2939970015625 0.2219655171875 0.324892175 0.29657992499999997 0.40597685625 0.21915049843749998
