0 0.27786124375 0.2761816125 0.2053437875 0.2444484875 0.1646281328125 0.2710827125 0.2523223578125 0.3026985296875 0.27786124375 0.2761816125
0 0.245834009375 0.30397789375 0.1542551984375 0.2692714296875 0.11524091562500001 0.2992689 0.20477211875 0.33709263749999996 0.245834009375 0.30397789375
0 0.1057014921875 0.3549361890625 0.19444216875 0.3363251109375 0.18085648125 0.3101632546875 0.09400823124999999 0.3274619875 0.1057014921875 0.3549361890625
0 0.19991130937499998 0.35476770625 0.180311571875 0.3344782765625 0.10776265781250001 0.35572563125 0.12642389999999998 0.3836152484375 0.19991130937499998 0.35476770625
0 0.12718794375 0.38405604531250004 0.18681751562499999 0.456733134375 0.27019731406249997 0.42473578125 0.20940117187500001 0.3446689875 0.12718794375 0.38405604531250004
0 0.3166696953125 0.5705421765625001 0.38258805625000003 0.5508086375000001 0.350011875 0.5121337578125 0.291092521875 0.531744409375 0.3166696953125 0.5705421765625001
0 0.5370375265625 0.5714342296875 0.480799146875 0.5161706453125 0.389788196875 0.5472849625 0.44775854375 0.6044522359375 0.5370375265625 0.5714342296875
0 0.38232898125000003 0.7041925703125 0.4681460125 0.699227340625 0.3841693859375 0.56647695625 0.2986398890625 0.5812767765625 0.38232898125000003 0.7041925703125
0 0.5863708437499999 0.6741636890625 0.5269405015624999 0.583667496875 0.4359135046875 0.614921290625 0.48606651718749994 0.7034719859375 0.5863708437499999 0.6741636890625
0 0.87026910625 0.57540749375 0.9220921609375001 0.5613995546874999 0.873467975 0.470813521875 0.8236074734375001 0.48822866249999997 0.87026910625 0.57540749375
0 0.8643214046875001 0.5746654703125 0.8088640109374999 0.5047306421875 0.7547333203125 0.5300286671875 0.8047149578124999 0.594833546875 0.8643214046875001 0.5746654703125
0 0.8030167468749999 0.3975978203125 0.62552863125 0.46954267187500004 0.670221253125 0.5306286796874999 0.8637222984375 0.47142089687500005 0.8030167468749999 0.3975978203125
0 0.80992330625 0.602457615625 0.7441468828125 0.5123131265625 0.5377411015625 0.582338034375 0.59138851875 0.6718833484375 0.80992330625 0.602457615625
0 0.629523371875 0.5301480875 0.552312196875 0.4650919 0.4745270515625 0.50383390625 0.530991625 0.5635629515625 0.629523371875 0.5301480875
0 0.5673447296874999 0.474364275 0.48113273593750006 0.3832896046875 0.3281976015625 0.45089606406250005 0.39829038906249997 0.546292765625 0.5673447296874999 0.474364275
0 0.45123315 0.362878075 0.40031240781250005 0.283326228125 0.2422744796875 0.3564185890625 0.29571723437499997 0.41941974687499994 0.45123315 0.362878075
0 0.383106803125 0.2911566921875 0.3782093578125 0.2835776359375 0.34643323125 0.2948707671875 0.35521309375 0.30281091875 0.383106803125 0.2911566921875
0 0.5850277859374999 0.4600314046875 0.617093159375 0.445410653125 0.5772067703125 0.3928730109375 0.5421976984375 0.40326327968750003 0.5850277859374999 0.4600314046875
0 0.3312192640625 0.78968895625 0.375896553125 0.7781059078125 0.32562341093749997 0.725039353125 0.28567455937499997 0.7370850625 0.3312192640625 0.78968895625
0 0.24169136406249997 0.6285521640625 0.17490278125 0.6573801375 0.244344496875 0.7340922828124999 0.31466798125 0.7049738296875 0.24169136406249997 0.6285521640625
