0 0.259665253125 0.6956342859375 0.1705474203125 0.727763346875 0.21192404374999999 0.7548299468749999 0.2856187328125 0.7225816734375 0.259665253125 0.6956342859375
0 0.21134309375 0.6606818328124999 0.1203584625 0.6991195921875 0.16000609375 0.729604034375 0.253071575 0.6943341546874999 0.21134309375 0.6606818328124999
0 0.0987810921875 0.670468825 0.187039215625 0.68804838125 0.2008454515625 0.6614618203125 0.110664178125 0.6425486140625 0.0987810921875 0.670468825
0 0.1317229890625 0.613403984375 0.11275880468749999 0.64174635625 0.1864854609375 0.663338634375 0.20640337656250002 0.64271983125 0.1317229890625 0.613403984375
0 0.21604729531250003 0.652982490625 0.2778303875 0.5716159109375 0.193097021875 0.5390991203125 0.1324994359375 0.6129560328125 0.21604729531250003 0.652982490625
0 0.299064803125 0.46287012968749996 0.3589406390625 0.4827991359375 0.3920456546875 0.44349641718750005 0.325057190625 0.423442528125 0.299064803125 0.46287012968749996
0 0.45827410312500005 0.38898198125 0.3993626796875 0.44707729374999994 0.49185108125 0.47869671406250003 0.549002421875 0.42253599375000006 0.45827410312500005 0.38898198125
0 0.30673469375 0.412533665625 0.39365265625 0.4275737421875 0.4789925390625 0.2926683203125 0.3917823734375 0.2876224859375 0.30673469375 0.412533665625
0 0.49720396093749997 0.2883547671875 0.44623677656250005 0.3783429734375 0.538741484375 0.41010413437500004 0.5991366031250001 0.3181388484375 0.49720396093749997 0.2883547671875
0 0.8402244765625 0.5070922999999999 0.890894403125 0.5247901546875 0.94030794375 0.4327335703125 0.8876436062499999 0.418498228125 0.8402244765625 0.5070922999999999
0 0.8210252656250001 0.39875681875 0.7702322390624999 0.46461372343749996 0.8252416734375 0.49032243124999997 0.8815993484375 0.41925229843749995 0.8210252656250001 0.39875681875
0 0.8809905171875 0.5241729203125 0.6843482203125 0.464003971875 0.6389300703125 0.526081634375 0.8192994875 0.5991944218749999 0.8809905171875 0.5241729203125
0 0.6042357359375 0.3204562078125 0.54971741875 0.41145517812500004 0.75947394375 0.48261685625000006 0.8263181656249999 0.39100898281249996 0.6042357359375 0.3204562078125
0 0.542858371875 0.43053505156250005 0.485477165625 0.491233725 0.56452505625 0.5306046609374999 0.6429896609375 0.46449236562499996 0.542858371875 0.43053505156250005
0 0.40800289687499997 0.4480855984375 0.3367722390625 0.5450309484375 0.4921900859375 0.6137349140625 0.579801625 0.521181759375 0.40800289687499997 0.4480855984375
0 0.30376459218749996 0.57701824375 0.249454259375 0.6410421484375 0.41005773906250004 0.7153210734375001 0.4618051171875 0.6344778 0.30376459218749996 0.57701824375
0 0.36422629375 0.6955200734375 0.3553039015625 0.7035891234375 0.3875958734375 0.715065584375 0.3925728234375 0.7073634921874999 0.36422629375 0.6955200734375
0 0.5542463625 0.5934369921875 0.5898237625 0.6039959328125 0.630357659375 0.5506054078125 0.59777174375 0.53574730625 0.5542463625 0.5934369921875
0 0.2935588859375 0.254196025 0.3341562578125 0.26643728125 0.38524552343749996 0.21250925625 0.339842953125 0.20073817031250002 0.2935588859375 0.254196025
0 0.32302298125 0.28682854375 0.25155788125 0.25723738749999997 0.180988865625 0.3351948609375 0.248861678125 0.3644908203125 0.32302298125 0.28682854375
