0 0.250832940625 0.21673842968749998 0.2823645859375 0.288795459375 0.3087131421875 0.2634187234375 0.2772980609375 0.1762812875 0.250832940625 0.21673842968749998
0 0.275498278125 0.1659742125 0.3099843828125 0.25697157187499997 0.342888875 0.21617039062500001 0.3053052875 0.12720763906250002 0.275498278125 0.1659742125
0 0.3421262203125 0.20590602812499997 0.3606191328125 0.117728784375 0.333319371875 0.10610976718750001 0.316130471875 0.19240659843750002 0.3421262203125 0.20590602812499997
0 0.3402911125 0.1918651484375 0.3604517203125 0.21134044375 0.3891161046875 0.1383196203125 0.3614035640625 0.11977686406250002 0.3402911125 0.1918651484375
0 0.4617697484375 0.1983297859375 0.38955410156250003 0.1390788140625 0.3504171203125 0.2207700546875 0.4299755546875 0.2811801890625 0.4617697484375 0.1983297859375
0 0.555247946875 0.3928573375 0.5748561953125 0.32735750625 0.5363047625 0.301942728125 0.5168186218749999 0.360487990625 0.555247946875 0.3928573375
0 0.5208298796874999 0.4904448671875 0.575742584375 0.546326178125 0.608550953125 0.45761404375000003 0.5517466453125001 0.40001176406249994 0.5208298796874999 0.4904448671875
0 0.702724309375 0.4778720703125 0.7076580140625001 0.3925999078125 0.5855226375 0.3094421765625 0.5708167859375 0.394428628125 0.702724309375 0.4778720703125
0 0.5878981796875 0.5362932609375 0.6778197921875 0.5953462671875001 0.7069420046875 0.49567879374999996 0.6189535359375 0.44584421250000006 0.5878981796875 0.5362932609375
0 0.5657716203125001 0.9289360203125 0.5796906203125001 0.8774420015625 0.49306530625 0.83107663125 0.47576073750000003 0.8806205593750001 0.5657716203125001 0.9289360203125
0 0.5094625109375001 0.8164267796875 0.5789533078125 0.8715320625 0.5989933328125 0.8123040703125 0.5345999140625 0.7626397765624999 0.5094625109375001 0.8164267796875
0 0.47449795781250004 0.6342554328125 0.4030098984375 0.810616640625 0.47636425625 0.8709367609375 0.535196115625 0.6786642921875 0.47449795781250004 0.6342554328125
0 0.516996853125 0.7521205546874999 0.6065689953125 0.8174793484375 0.6755539296874999 0.600332084375 0.586577159375 0.5470252859375 0.516996853125 0.7521205546874999
0 0.47007544218749997 0.561503865625 0.5347185765625 0.6382248109375 0.5679212828125 0.5403186625 0.50857146875 0.48421259375 0.47007544218749997 0.561503865625
0 0.388792528125 0.4907763375 0.47928894531250005 0.5764409546875 0.550760746875 0.408459975 0.4559697390625 0.3388122203125 0.388792528125 0.4907763375
0 0.2894638390625 0.4104691546875 0.36851059531249997 0.46106659062500005 0.4246932734375 0.306538078125 0.362092121875 0.253434640625 0.2894638390625 0.4104691546875
0 0.2897136515625 0.388506440625 0.2972445859375 0.3933727921875 0.3088248171875 0.3656561859375 0.3009350796875 0.35693206875 0.2897136515625 0.388506440625
0 0.4505191578125 0.6258735203125 0.465047078125 0.5940117359375 0.4086393859375 0.5514535859375 0.3983150875 0.5862403781250001 0.4505191578125 0.6258735203125
0 0.7811020609375 0.3862083203125 0.7926115671875 0.341814696875 0.740341665625 0.296559165625 0.7283724359375 0.3362543734375 0.7811020609375 0.3862083203125
0 0.661142803125 0.1864907 0.632497865625 0.252855228125 0.7084343125 0.32536850156249997 0.7373678875 0.255491515625 0.661142803125 0.1864907
