0 0.201471353125 0.500897953125 0.337350196875 0.49837437187500006 0.340526240625 0.2962050140625 0.2011525046875 0.296988690625 0.201471353125 0.500897953125
0 0.5301349953125001 0.2975102125 0.2228329171875 0.5004402015625 0.3540305921875 0.5954693890625 0.6814118578125 0.396076353125 0.5301349953125001 0.2975102125
0 0.5214550828125 0.30146695625 0.46325174375 0.26834142499999997 0.2981760953125 0.38485319375000004 0.34350108281249997 0.41809373125000004 0.5214550828125 0.30146695625
0 0.4370686703125 0.2755152328125 0.5201313953125 0.27629646874999997 0.5170320921875 0.231419578125 0.43705852343749996 0.23265550625000003 0.4370686703125 0.2755152328125
0 0.569546621875 0.248650153125 0.5302280828125 0.286427921875 0.64442403125 0.3350750796875 0.6795677375 0.28736059687500004 0.569546621875 0.248650153125
0 0.42488425 0.45213801406250004 0.3884181078125 0.7200870765625 0.6986393046875 0.7322381765625 0.7159762890625 0.45968353906250004 0.42488425 0.45213801406250004
0 0.3908129515625 0.74092089375 0.39649418281250004 0.8286676515625 0.6072595640625 0.8286289124999999 0.60628626875 0.7389151046875 0.3908129515625 0.74092089375
0 0.3644732984375 0.695013946875 0.2007425875 0.6928139546875001 0.1964783421875 0.8277896515625001 0.3600412859375 0.8285806234375 0.3644732984375 0.695013946875
0 0.8452055749999999 0.04507000625 0.8235496390625 0.043025021875 0.8096577875 0.11166593124999999 0.8309674265625 0.1138936890625 0.8452055749999999 0.04507000625
0 0.8546395359375 0.1353799421875 0.872100065625 0.07073182812499999 0.8542988453125 0.0681595875 0.835686721875 0.1332934828125 0.8546395359375 0.1353799421875
0 0.8813133000000001 0.001533590625 0.8623022562499999 0.00013439062500000002 0.8548782484374999 0.06522141875000001 0.8740950796875 0.065544634375 0.8813133000000001 0.001533590625
0 0.8518717328125 0.00022481718750000002 0.8318878312500001 0 0.8256898140625 0.04067785625 0.845932828125 0.0422203296875 0.8518717328125 0.00022481718750000002
