0 0.720809365625 0.7994391984375 0.721642509375 0.651267784375 0.50671163125 0.654644309375 0.5040287546875 0.7991002218750001 0.720809365625 0.7994391984375
0 0.615467 0.2888644703125 0.4034876921875 0.6369109984375 0.5045154000000001 0.7763902546875 0.7202549234375 0.4496903703125 0.615467 0.2888644703125
0 0.5920598203125 0.6481051609375 0.6273985984375 0.69629119375 0.7512649296875 0.5207954890625001 0.71604841875 0.458918184375 0.5920598203125 0.6481051609375
0 0.7892034484375 0.5486421015625 0.7905173921875 0.4636203671875 0.742807740625 0.4603254265625 0.7436382906250001 0.5486313140625 0.7892034484375 0.5486421015625
0 0.7310452125 0.29082499687499996 0.6803188515625 0.3281870765625 0.7320367609375 0.44959140625 0.7721991734375 0.4077909671875 0.7310452125 0.29082499687499996
0 0.5478447421875 0.25211823125 0.258085659375 0.2705495765625 0.271003771875 0.6003528421875 0.5558665625 0.56158485 0.5478447421875 0.25211823125
0 0.2509872640625 0.36873220624999997 0.1556104578125 0.3676974734375 0.1555692734375 0.5917669812499999 0.2488548640625 0.597806828125 0.2509872640625 0.36873220624999997
0 0.1556617953125 0.6305208921875 0.1565026953125 0.80440840625 0.299998453125 0.799874990625 0.297659590625 0.6258091171875 0.1556617953125 0.6305208921875
0 0.9154618593749999 0.1298685171875 0.9178302390624999 0.1525232828125 0.9908039640625 0.1377545359375 0.98862989375 0.11473161406250001 0.9154618593749999 0.1298685171875
0 0.8948374937500001 0.124851325 0.96408283125 0.10506435 0.961348221875 0.086139465625 0.89261933125 0.1047021546875 0.8948374937500001 0.124851325
0 1 0.0802818 0.966862846875 0.0840185203125 0.9672064656250001 0.10444837343749999 1 0.10070785156249999 1 0.0802818
