0 0.703011309375 0.7988474953125 0.7037949859375 0.659473759375 0.501625628125 0.662649803125 0.49910204687500004 0.798528646875 0.703011309375 0.7988474953125
0 0.603923646875 0.3185881421875 0.4045306109375 0.6459694078125 0.49955979843750004 0.7771670828125 0.7024897875 0.4698650046875 0.603923646875 0.3185881421875
0 0.58190626875 0.6564989171875 0.6151468062500001 0.7018239046875 0.731658575 0.53674825625 0.69853304375 0.47854491718750003 0.58190626875 0.6564989171875
0 0.76734449375 0.5629414765625 0.7685804218750001 0.48296790781250004 0.72370353125 0.4798686046875 0.7244847671875 0.5629313296875 0.76734449375 0.5629414765625
0 0.7126394031250001 0.3204322625 0.6649249203125 0.35557596875 0.713572078125 0.4697719171875 0.751349846875 0.430453378125 0.7126394031250001 0.3204322625
0 0.5403164609375 0.2840237109375 0.2677618234375 0.3013606953125 0.2799129234375 0.6115818921875 0.5478619859375 0.5751157499999999 0.5403164609375 0.2840237109375
0 0.2610848953125 0.39371373125 0.17137108750000002 0.3927404359375 0.1713323484375 0.6035058171875 0.25907910625 0.6091870484374999 0.2610848953125 0.39371373125
0 0.1714193765625 0.6399587140625 0.1722103484375 0.8035216578125001 0.3071860453125 0.7992574125 0.304986053125 0.6355267015625 0.1714193765625 0.6399587140625
0 0.8861063109374999 0.1690325734375 0.8883340687500001 0.1903422125 0.956974978125 0.1764503609375 0.9549299937500001 0.154794425 0.8861063109374999 0.1690325734375
0 0.8667065171875 0.16431327812500002 0.9318404125 0.1457011546875 0.929268171875 0.127899934375 0.8646200578125001 0.1453604640625 0.8667065171875 0.16431327812500002
0 0.934455365625 0.1259049203125 0.93477858125 0.1451217515625 0.999865609375 0.13769774375 0.998466409375 0.11868669999999999 0.934455365625 0.1259049203125
0 0.9577796703124999 0.15406717187500002 0.95932214375 0.1743101859375 1 0.16811216874999999 0.9997751828125001 0.1481282671875 0.9577796703124999 0.15406717187500002
