0 0.7039987937500001 0.8073772109374999 0.704792390625 0.6662392500000001 0.5000639265625 0.6694554968750001 0.4975084015625 0.8070543265625 0.7039987937500001 0.8073772109374999
0 0.6036568578125 0.321038625 0.401739859375 0.6525639578125 0.4979719484375 0.7854223625000001 0.7034706703125 0.47423038437500004 0.6036568578125 0.321038625
0 0.581360778125 0.6632267515625 0.6150220828124999 0.7091254734375 0.7330086828125 0.5419602593749999 0.6994638421875 0.48302016875 0.581360778125 0.6632267515625
0 0.7691463234375 0.5684850390625 0.7703978953124999 0.487499146875 0.72495294375 0.4843606125 0.72574406875 0.5684747640625 0.7691463234375 0.5684850390625
0 0.7137487625000001 0.3229060890625 0.6654302984375 0.3584946515625 0.71469324375 0.47413611875 0.7529492125 0.4343198765625 0.7137487625000001 0.3229060890625
0 0.5392445171875 0.28603666875 0.263239821875 0.303593109375 0.27554473281249997 0.6177411562499999 0.5468855546875 0.5808134171875 0.5392445171875 0.28603666875
0 0.25647837500000004 0.3971151703125 0.16562895 0.3961295546875 0.16558972031250002 0.609562853125 0.254447196875 0.6153159984375 0.25647837500000004 0.3971151703125
0 0.16567785 0.6464771781249999 0.166478834375 0.8121105390625001 0.303163084375 0.8077923171875 0.30093524375 0.641989065625 0.16567785 0.6464771781249999
0 0.8894114546875 0.1695899484375 0.8916674109375 0.1911693296875 0.96117719375 0.17710163125 0.9591063234374999 0.1551715703125 0.8894114546875 0.1695899484375
0 0.86976609375 0.16481091406249998 0.9357244687499999 0.1459631953125 0.9331196671875001 0.1279366421875 0.8676532234375 0.1456181921875 0.86976609375 0.16481091406249998
0 1 0.1189669390625 0.938372521875 0.125916375 0.9386998296875 0.1453764578125 1 0.1383843890625 1 0.1189669390625
0 1 0.1490601203125 0.961992071875 0.1544351109375 0.9635540703125001 0.174934365625 1 0.169381159375 1 0.1490601203125
