0 0.2640537078125 0.199569840625 0.263231490625 0.3457980234375 0.47534360312499996 0.3424657796875 0.47799129531249995 0.1999043703125 0.2640537078125 0.199569840625
0 0.368014534375 0.70344850625 0.5772137859375001 0.3599665234375 0.47751103125 0.222316503125 0.264600878125 0.5447317984375 0.368014534375 0.70344850625
0 0.391114734375 0.34891916875 0.356239415625 0.301365084375 0.23399756093750002 0.47455920625000003 0.268752215625 0.5356250046875 0.391114734375 0.34891916875
0 0.196556596875 0.4470777953125 0.19525988593750002 0.5309844906250001 0.2423438359375 0.53423621875 0.24152417812500002 0.44708844062499997 0.196556596875 0.4470777953125
0 0.25395210156250003 0.7015136921875 0.30401319843749997 0.66464160625 0.25297355781249997 0.5448294640625 0.213337865625 0.5860817015625 0.25395210156250003 0.7015136921875
0 0.43474994218749996 0.7397128281249999 0.72070890625 0.7215232046875 0.7079602109375001 0.396045228125 0.42683332656250006 0.4343047875 0.43474994218749996 0.7397128281249999
0 0.7277142078125001 0.624628215625 0.8218401703125 0.625649378125 0.8218808140625 0.4045184875 0.7298186421875 0.3985578515625 0.7277142078125001 0.624628215625
0 0.82178950625 0.36627282499999997 0.8209596343750001 0.1946658015625 0.6793457890625 0.1991397640625 0.6816539765625 0.3709228046875 0.82178950625 0.36627282499999997
0 0 0.8752450187499999 0.071954034375 0.8603592671875001 0.0696167140625 0.8380016124999999 0 0.852090953125 0 0.8752450187499999
0 0.092307915625 0.865310659375 0.023970714062500002 0.8848381328125001 0.026669459375 0.9035148234375001 0.09449698906250001 0.885195578125 0.092307915625 0.865310659375
0 0 0.9080016375 0.0212271578125 0.9056079531250001 0.0208880453125 0.8854460312500001 0 0.8878285796875 0 0.9080016375
