0 0.27990385624999997 0.6370999734375 0.1770833328125 0.64292779375 0.17583541875 0.8079824125 0.281345621875 0.8079879468750001 0.27990385624999997 0.6370999734375
0 0.1760416671875 0.46311645468749996 0.175628153125 0.6016254078125 0.24838186874999998 0.5978652953125 0.2436883296875 0.46265874062499995 0.1760416671875 0.46311645468749996
0 0.7085062359375 0.430328340625 0.566882140625 0.43476405468749996 0.5595269078125 0.6202448109375001 0.7093389390625 0.6021740531249999 0.7085062359375 0.430328340625
0 0.7052083328125 0.6775469828125 0.50259215 0.6712096296875 0.5042250312500001 0.7745415671875 0.70945943125 0.7805533171875 0.7052083328125 0.6775469828125
0 0.5489583328125 0.453346521875 0.4040960953125 0.6333834296874999 0.431121 0.6596271375 0.561480521875 0.4732608265625 0.5489583328125 0.453346521875
0 0.510638428125 0.6535954640625 0.54375 0.5934718109375 0.5113104500000001 0.5412226578125 0.47465769375000005 0.601874759375 0.510638428125 0.6535954640625
0 0.33784475468749997 0.34524829375 0.332886621875 0.415557603125 0.43452791875 0.4084446828125 0.430980353125 0.3322402375 0.33784475468749997 0.34524829375
0 0.4941205375 0.3316670984375 0.49566993437500007 0.3885173703125 0.5181781578125 0.38971565468749997 0.5172418578125 0.3310102359375 0.4941205375 0.3316670984375
0 0.43540420312499994 0.41243947187499996 0.3349764515625 0.4244431265625 0.336394571875 0.49704914218749996 0.4340879984375 0.48496054375000003 0.43540420312499994 0.41243947187499996
0 0.36629005625 0.643602903125 0.387173125 0.597255353125 0.3475501578125 0.540324675 0.322504190625 0.5749756234375 0.36629005625 0.643602903125
0 0.470634003125 0.6876373874999999 0.4763147609375 0.7428681484374999 0.4910543265625 0.7404213203125 0.484884303125 0.6838835546875 0.470634003125 0.6876373874999999
0 0.3463787625 0.5500396453125 0.3468463921875 0.498885959375 0.335324328125 0.49996068125 0.3345528578125 0.5508583546875 0.3463787625 0.5500396453125
