0 0.49299620156249996 0.49933601406249994 0.492720821875 0.48066464218749994 0.42725467031250003 0.4792828953125 0.42725467031250003 0.4973509171875 0.49299620156249996 0.49933601406249994
0 0.5619126234375 0.5042299078125 0.5622148109375 0.4820350578125 0.4951938453125 0.48009705468749997 0.49501024843749997 0.501168471875 0.5619126234375 0.5042299078125
0 0.5684303578125001 0.4823587015625 0.5672932562499999 0.50398220625 0.6359312671875 0.5067162093750001 0.635872521875 0.48482287812499997 0.5684303578125001 0.4823587015625
0 0.704161403125 0.5124967546875 0.705280703125 0.492464428125 0.6387717796875 0.48531288593750005 0.6375845625000001 0.5059354734375 0.704161403125 0.5124967546875
0 0.7720944640625 0.525133540625 0.7733943703125 0.50653850625 0.708256275 0.49332976406249995 0.7071207390625001 0.514213990625 0.7720944640625 0.525133540625
0 0.8911675859375 0.538674178125 0.8282202828124999 0.5167868390625 0.8245723875 0.5385529625000001 0.8890353234375 0.559813325 0.8911675859375 0.538674178125
0 0.8305042265625 0.5467080953125001 0.7658029609375 0.530316825 0.7635959328124999 0.5526746171875 0.8281899171875 0.5689173859375 0.8305042265625 0.5467080953125001
0 0.76146475625 0.5314436515625001 0.696626865625 0.5175700171875001 0.69493725625 0.5378601328125 0.760012934375 0.5524742234375 0.76146475625 0.5314436515625001
0 0.6926791062500001 0.517785990625 0.6258114796875 0.5111552515625 0.6247492375 0.5326557265625 0.6912049 0.5398767140625 0.6926791062500001 0.517785990625
0 0.6221167046875 0.5125639453125 0.5558639265624999 0.5100283859375 0.5551325640625 0.5281420906250001 0.6218229453124999 0.5326932265625001 0.6221167046875 0.5125639453125
0 0.5510466609375 0.510555465625 0.484526134375 0.5071764296875 0.4837533453125 0.5293092749999999 0.5510270484374999 0.5323070984375 0.5510466609375 0.510555465625
0 0.48124572499999996 0.5073418984375 0.41494867031249993 0.50387676875 0.4146140734375 0.527057678125 0.4810042359375 0.5302647484375 0.48124572499999996 0.5073418984375
