0 0.5335680921875 0.407023759375 0.5333870875 0.47005335312499996 0.554231859375 0.47017295781249996 0.5519913421875 0.405672821875 0.5335680921875 0.407023759375
0 0.5322095046875 0.47497088749999994 0.530902971875 0.54200348125 0.55556771875 0.5424123671875 0.557033421875 0.47618511249999995 0.5322095046875 0.47497088749999994
0 0.5338870171875 0.5452603390624999 0.5340016375000001 0.612942325 0.5583825453125 0.612770434375 0.557133546875 0.546454171875 0.5338870171875 0.5452603390624999
0 0.534813246875 0.682735040625 0.5576380015625 0.6829953875 0.557571496875 0.6159130875 0.5354542640625 0.6151895796875 0.534813246875 0.682735040625
0 0.5343316484375 0.753046490625 0.5575050453125 0.753698315625 0.557452146875 0.6865193203125 0.5345555140625 0.6859578234375 0.5343316484375 0.753046490625
0 0.5334907671875 0.75696181875 0.5276941500000001 0.8225358234375 0.5496731328125 0.8236972109374999 0.5550792999999999 0.7570194156250001 0.5334907671875 0.75696181875
0 0.5627055765625 0.77974434375 0.5544490015625 0.8467781000000001 0.5776424203125 0.84766135625 0.5838484109375 0.7811201515625 0.5627055765625 0.77974434375
0 0.553427584375 0.848447965625 0.5353416515625 0.915094784375 0.5579095015625 0.917752675 0.576403284375 0.8519627109375 0.553427584375 0.848447965625
0 0.525146409375 0.8262796 0.511106634375 0.8935704937500001 0.5326308546875 0.8952871953124999 0.5451437968749999 0.828177296875 0.525146409375 0.8262796
0 0.48777635625000004 0.6601383921874999 0.5031297109375 0.727767459375 0.5247664390625 0.7253870578125 0.510354471875 0.6585595484375 0.48777635625000004 0.6601383921874999
0 0.47650361874999997 0.5894835671875 0.4887549796875 0.6577532453125 0.509835103125 0.6554852999999999 0.49827143281249997 0.5883402375 0.47650361874999997 0.5894835671875
0 0.4953175515625 0.5182646609375 0.47338529375 0.5184305218749999 0.47689000468750004 0.5863081625000001 0.49713459374999996 0.5854729265625 0.4953175515625 0.5182646609375
0 0.474420021875 0.5149428171875 0.495841971875 0.5146747859375 0.49319305625 0.4484921953125 0.47239985625 0.448333021875 0.474420021875 0.5149428171875
0 0.47385705468749995 0.445609715625 0.4952948046875 0.44501002968750003 0.4923171609375 0.37820309218750003 0.4720312203125 0.3782323125 0.47385705468749995 0.445609715625
0 0.470986546875 0.3759968453125 0.49211799375 0.3756655953125 0.48662382812500005 0.3079139890625 0.4637583921875 0.3080475234375 0.470986546875 0.3759968453125
0 0.4638769671875 0.305232521875 0.4858812890625 0.303064546875 0.4726120671875 0.2375076015625 0.45162277343749996 0.23842389531250002 0.4638769671875 0.305232521875
0 0.4507258125 0.2353415703125 0.4734079484375 0.23291683281250003 0.4568433265625 0.1676125140625 0.434263903125 0.1700039953125 0.4507258125 0.2353415703125
0 0.39658794999999997 0.46599204531250005 0.444467684375 0.46553668750000005 0.445373853125 0.425654153125 0.399654953125 0.426013321875 0.39658794999999997 0.46599204531250005
0 0.4003507421875 0.5116102828125 0.44816334218750004 0.5106611046875 0.44414281874999995 0.46841666562500006 0.4011904984375 0.46745551250000006 0.4003507421875 0.5116102828125
