0 0.5939576390625 0.5317957921875001 0.5313219796875 0.53161591875 0.5312031234375 0.5523304109375 0.5953001328124999 0.5501038968749999 0.5939576390625 0.5317957921875001
0 0.52643518125 0.5304456953125001 0.45982154062499997 0.529147328125 0.459415209375 0.5536579203125 0.52522854375 0.5551144625 0.52643518125 0.5304456953125001
0 0.4565850375 0.5321127234375 0.3893260640625 0.5322266265625 0.38949688125000004 0.5564551546875001 0.4553986671875 0.5552139625 0.4565850375 0.5321127234375
0 0.31996955312500003 0.5330331640625 0.31971083437500003 0.5557152640624999 0.38637386875 0.555649175 0.3870928546875 0.5336701749999999 0.31996955312500003 0.5330331640625
0 0.25009755 0.532554575 0.2494497984375 0.5555831390625 0.31620892500000003 0.5555305703125 0.3167669125 0.5327770421875 0.25009755 0.532554575
0 0.2462066921875 0.5317189499999999 0.181042525 0.5259585609374999 0.179888396875 0.547800175 0.24614945625 0.5531725546875 0.2462066921875 0.5317189499999999
0 0.22356655781249998 0.5607511671875 0.1569517625 0.5525461953125 0.1560740265625 0.5755946546875 0.22219935 0.5817618578125 0.22356655781249998 0.5607511671875
0 0.155292334375 0.5515311625 0.0890620578125 0.533558265625 0.0864207796875 0.5559850671875 0.15179955625 0.5743632640625 0.155292334375 0.5515311625
0 0.177322146875 0.52342674375 0.110451821875 0.5094747171875 0.10874585 0.5308644124999999 0.1754363109375 0.5432991484375 0.177322146875 0.52342674375
0 0.3424249734375 0.4862902546875 0.2752185875 0.50154765 0.2775841109375 0.5230491484375 0.3439939484375 0.50872725625 0.3424249734375 0.4862902546875
0 0.4126382046875 0.475087971875 0.3447952125 0.4872627609375 0.34704898281249996 0.508211134375 0.41377438906249997 0.49671973593749996 0.4126382046875 0.475087971875
0 0.48341199375 0.49378431718750004 0.48324716875 0.47198913593749997 0.41579376406249996 0.47547194218750005 0.41662377968750003 0.49559000312499996 0.48341199375 0.49378431718750004
0 0.48671307500000005 0.473017396875 0.48697943125 0.49430545937500003 0.55274838125 0.49167310000000003 0.552906559375 0.4710098578125 0.48671307500000005 0.473017396875
0 0.5556128453125 0.4724579484375 0.5562087828125 0.4937617125 0.6225981765624999 0.490802678125 0.6225691390625 0.470643525 0.5556128453125 0.4724579484375
0 0.624790634375 0.46960538124999995 0.6251198140625001 0.49060475625000005 0.6924479734375 0.4851449296875 0.6923152734375 0.4624224015625 0.624790634375 0.46960538124999995
0 0.69511268125 0.46254023593750004 0.69726710625 0.48440703125000006 0.7624143203125 0.4712207421875 0.7615037546875 0.45036263125 0.69511268125 0.46254023593750004
0 0.7645668140625 0.44947127656249997 0.766976396875 0.4720116484375 0.8318725640625001 0.45555055624999996 0.8294960296875 0.433112253125 0.7645668140625 0.44947127656249997
0 0.5353579046875 0.395671775 0.5358104171875 0.4432522609375 0.5754436859375 0.44415276718749996 0.5750867609375 0.398719609375 0.5353579046875 0.395671775
0 0.49002478125 0.39941105 0.4909680265625 0.446924821875 0.5329484390625 0.4429294265625 0.533903584375 0.4002455578125 0.49002478125 0.39941105
