0 0.4682042078125 0.5939576390625 0.46838408125 0.5313219796875 0.4476695890625 0.5312031234375 0.44989610312500006 0.5953001328124999 0.4682042078125 0.5939576390625
0 0.4695543046875 0.52643518125 0.470852671875 0.45982154062499997 0.4463420796875 0.459415209375 0.4448855375 0.52522854375 0.4695543046875 0.52643518125
0 0.4678872765625 0.4565850375 0.4677733734375 0.3893260640625 0.4435448453125 0.38949688125000004 0.4447860375 0.4553986671875 0.4678872765625 0.4565850375
0 0.4669668359375 0.31996955312500003 0.44428473593750006 0.31971083437500003 0.444350825 0.38637386875 0.46632982500000003 0.3870928546875 0.4669668359375 0.31996955312500003
0 0.467445425 0.25009755 0.4444168609375 0.2494497984375 0.44446942968750003 0.31620892500000003 0.4672229578125 0.3167669125 0.467445425 0.25009755
0 0.46828105000000003 0.2462066921875 0.4740414390625 0.181042525 0.452199825 0.179888396875 0.44682744531249996 0.24614945625 0.46828105000000003 0.2462066921875
0 0.43924883281250005 0.22356655781249998 0.44745380468749996 0.1569517625 0.42440534531249996 0.1560740265625 0.4182381421875 0.22219935 0.43924883281250005 0.22356655781249998
0 0.4484688375 0.155292334375 0.46644173437500003 0.0890620578125 0.4440149328125 0.0864207796875 0.4256367359375 0.15179955625 0.4484688375 0.155292334375
0 0.47657325625 0.177322146875 0.49052528281249996 0.110451821875 0.4691355875 0.10874585 0.4567008515625 0.1754363109375 0.47657325625 0.177322146875
0 0.5137097453125 0.3424249734375 0.49845235 0.2752185875 0.47695085156249994 0.2775841109375 0.49127274375 0.3439939484375 0.5137097453125 0.3424249734375
0 0.5249120281249999 0.4126382046875 0.5127372390625 0.3447952125 0.49178886562499996 0.34704898281249996 0.5032802640625 0.41377438906249997 0.5249120281249999 0.4126382046875
0 0.5062156828125 0.48341199375 0.5280108640625001 0.48324716875 0.5245280578125 0.41579376406249996 0.504409996875 0.41662377968750003 0.5062156828125 0.48341199375
0 0.526982603125 0.48671307500000005 0.505694540625 0.48697943125 0.5083268999999999 0.55274838125 0.5289901421875001 0.552906559375 0.526982603125 0.48671307500000005
0 0.5275420515625 0.5556128453125 0.5062382875 0.5562087828125 0.509197321875 0.6225981765624999 0.5293564749999999 0.6225691390625 0.5275420515625 0.5556128453125
0 0.53039461875 0.624790634375 0.50939524375 0.6251198140625001 0.5148550703125 0.6924479734375 0.5375775984375 0.6923152734375 0.53039461875 0.624790634375
0 0.5374597640625 0.69511268125 0.5155929687499999 0.69726710625 0.5287792578125 0.7624143203125 0.54963736875 0.7615037546875 0.5374597640625 0.69511268125
0 0.5505287234375 0.7645668140625 0.5279883515625 0.766976396875 0.54444944375 0.8318725640625001 0.566887746875 0.8294960296875 0.5505287234375 0.7645668140625
0 0.6043282249999999 0.5353579046875 0.5567477390625 0.5358104171875 0.5558472328125 0.5754436859375 0.601280390625 0.5750867609375 0.6043282249999999 0.5353579046875
0 0.60058895 0.49002478125 0.5530751781250001 0.4909680265625 0.5570705734375 0.5329484390625 0.5997544421875001 0.533903584375 0.60058895 0.49002478125
