0 0.6047923015625 0.52181259375 0.5392909593749999 0.521624490625 0.539166665625 0.5432867046875 0.6061962171874999 0.5409583234374999 0.6047923015625 0.52181259375
0 0.53418058125 0.5204007265625 0.46451925781250003 0.5190429578125 0.4640943359375 0.54467495 0.5329187390625 0.5461981312499999 0.53418058125 0.5204007265625
0 0.4611346796875 0.522144025 0.39079849843750003 0.5222631390625 0.39097713125 0.5476001625 0.45989403125 0.5463021828125 0.4611346796875 0.522144025
0 0.31826881406249996 0.5231065765625 0.3179982578125 0.5468264203125 0.3877112359375 0.5467573078125 0.388463115625 0.52377273125 0.31826881406249996 0.5231065765625
0 0.2452000515625 0.5226060921875 0.244522665625 0.54668825 0.31433613125000004 0.5466332765625 0.314919646875 0.5228387375 0.2452000515625 0.5226060921875
0 0.24113118125000002 0.5217322359375001 0.172985646875 0.5157082984375 0.171778715625 0.538549203125 0.24107132656250002 0.5441673781249999 0.24113118125000002 0.5217322359375001
0 0.2174552234375 0.5520927234374999 0.1477926921875 0.5435123609375 0.1468747984375 0.567615325 0.21602546406249998 0.5740646875000001 0.2174552234375 0.5520927234374999
0 0.14605734374999998 0.5424508890624999 0.0767969234375 0.523655703125 0.0740348015625 0.5471085671875 0.1424047640625 0.566327596875 0.14605734374999998 0.5424508890624999
0 0.16909505625000001 0.513060646875 0.0991653046875 0.4984702921875 0.09738128124999999 0.5208386015625 0.1671229390625 0.533842246875 0.16909505625000001 0.513060646875
0 0.34175160625 0.47422510312500005 0.27147041875 0.49018054843750003 0.27394416875 0.5126657765625 0.3433923640625 0.49768863437500005 0.34175160625 0.47422510312500005
0 0.4151772078125 0.462510296875 0.3442302875 0.475242103125 0.346587171875 0.4971488984375 0.4163653734375 0.48513175000000003 0.4151772078125 0.462510296875
0 0.48918901249999996 0.48206203125 0.489016646875 0.459269684375 0.41847713906250006 0.462911834375 0.4193451296875 0.48395032968749996 0.48918901249999996 0.48206203125
0 0.4926411234375 0.460344990625 0.4929196671875 0.482607015625 0.561697653125 0.479854221875 0.5618630687499999 0.45824560312499996 0.4926411234375 0.460344990625
0 0.564693171875 0.45975994531250003 0.5653163734375 0.4820383921875 0.634743190625 0.4789439765625 0.634712825 0.45786250937500006 0.564693171875 0.45975994531250003
0 0.6370359578125 0.45677686875 0.6373801984374999 0.478737 0.7077887296875 0.473027378125 0.7076499593750001 0.44926525625 0.6370359578125 0.45677686875
0 0.7105753531250001 0.44938848125 0.7128283468750001 0.47225571874999994 0.7809561515625 0.45846613593749996 0.7800039265625001 0.43665373125 0.7105753531250001 0.44938848125
0 0.7832071265625 0.435721596875 0.7857269515625 0.45929322656249993 0.8535922234375001 0.4420790125 0.8511069593749999 0.41861412031249995 0.7832071265625 0.435721596875
0 0.543511534375 0.3794606796875 0.54398475 0.42921804999999996 0.5854313062500001 0.43015975624999997 0.58505805 0.3826479578125 0.543511534375 0.3794606796875
0 0.496104346875 0.3833710328125 0.497090746875 0.4330586375 0.54099183125 0.42888044531249997 0.5419906765625 0.3842437203125 0.496104346875 0.3833710328125
