0 0.5622580546875 0.489769875 0.5624558546875 0.558647575 0.582588478125 0.5601238578125 0.585036878125 0.4896391734375 0.5622580546875 0.489769875
0 0.559543453125 0.4111439625 0.5609712109375 0.484396075 0.588098378125 0.4830691890625 0.5864966828125 0.4106971375 0.559543453125 0.4111439625
0 0.5629296234375001 0.3336231625 0.56280436875 0.40758492031250004 0.58820779375 0.406280321875 0.5895726781249999 0.333811003125 0.5629296234375001 0.3336231625
0 0.588759053125 0.2570703328125 0.5638165374999999 0.257354834375 0.5645170312500001 0.3311674 0.588686378125 0.3303767625 0.588759053125 0.2570703328125
0 0.5886137609375 0.1798073390625 0.5632902546875 0.1805196421875 0.5635348921875 0.25383303125 0.588555953125 0.2532194359375 0.5886137609375 0.1798073390625
0 0.55603690625 0.10458284531249999 0.5623713546875 0.1762410359375 0.585962946875 0.176178096875 0.580055175 0.1033137015625 0.55603690625 0.10458284531249999
0 0.5852741671875 0.0780912859375 0.594296815625 0.15134466875000002 0.61740135625 0.149841209375 0.6106195515625 0.0771260765625 0.5852741671875 0.0780912859375
0 0.5643939687499999 0.0034359406250000003 0.5841579796875 0.076266484375 0.6092654453125 0.072425628125 0.58905574375 0.0005314421875 0.5643939687499999 0.0034359406250000003
0 0.5379103421875 0.026957329687499997 0.5532527765624999 0.10049170781250001 0.5751055921875 0.0984179359375 0.56143165625 0.025081346875 0.5379103421875 0.026957329687499997
0 0.5291932921875 0.2081441515625 0.5124154 0.28204808125 0.5370883921875 0.2837734140625 0.5528375515625 0.21074541406249997 0.5291932921875 0.2081441515625
0 0.5134848234375 0.2846545296875 0.5000967390625 0.35925850625 0.5238842453125 0.36050791875 0.536520834375 0.28713290156250004 0.5134848234375 0.2846545296875
0 0.496689084375 0.436904103125 0.52065629375 0.4370853546875 0.522641928125 0.3636412703125 0.5005189750000001 0.3627285375 0.496689084375 0.436904103125
0 0.521229371875 0.441008309375 0.4978198171875 0.440715409375 0.4956122140625 0.5135054953125 0.5183346796875 0.513331553125 0.521229371875 0.441008309375
0 0.5206314359374999 0.51713680625 0.49720461718750003 0.5164814796874999 0.49520937500000006 0.5901103937500001 0.517377515625 0.590142325 0.5206314359374999 0.51713680625
0 0.5171598687500001 0.592915259375 0.49406777343749997 0.592553275 0.48616896406250004 0.6668071734375001 0.5111559359375 0.6669530984375001 0.5171598687500001 0.592915259375
0 0.5103445015625 0.6722524875 0.486298540625 0.6698833609375 0.47290736093749997 0.7428907265625 0.495844115625 0.7438920359375001 0.5103445015625 0.6722524875
0 0.496713840625 0.748908753125 0.4719271765625 0.7462590390625 0.45393787343750003 0.8176588640625001 0.4786122953125 0.8202722359375001 0.496713840625 0.748908753125
0 0.465088396875 0.4947056140625 0.41276621249999995 0.4942080046875 0.4161177828125 0.5378960937499999 0.46607864374999997 0.5382885890625 0.465088396875 0.4947056140625
0 0.46912695156249995 0.44539439375 0.41687813125 0.4443571484375 0.41779580312500003 0.492608753125 0.464733390625 0.4915584203125 0.46912695156249995 0.44539439375
