0 0.5451129015625 0.5685346171875 0.61127755625 0.5662362812499999 0.6098917562499999 0.5473375921875 0.5452355921875001 0.547151915625 0.5451129015625 0.5685346171875
0 0.4710092484375 0.56990495 0.5389455937500001 0.5714084781250001 0.5401911546875 0.54594394375 0.4714286875 0.54460369375 0.4710092484375 0.56990495
0 0.398835490625 0.5727924171875001 0.466863140625 0.5715111875 0.46808778125000006 0.547664746875 0.3986591625 0.5477823234375 0.398835490625 0.5727924171875001
0 0.3956117359375 0.5719604390625 0.3963539140625 0.5492724390625 0.3270653453125 0.5486148796875 0.32679828125 0.572028659375 0.3956117359375 0.5719604390625
0 0.32318340624999997 0.5718380078124999 0.32375939374999996 0.5483504953125 0.25493940625 0.5481208515625 0.254270759375 0.571892271875 0.32318340624999997 0.5718380078124999
0 0.1824654421875 0.5638582453125001 0.2508639546875 0.5694039281250001 0.2509230375 0.5472582703125 0.1836568 0.5413120625000001 0.1824654421875 0.5638582453125001
0 0.157882865625 0.5925493203125 0.2261412640625 0.598915465625 0.2275525765625 0.5772270109375001 0.158788915625 0.5687573625 0.157882865625 0.5925493203125
0 0.085982740625 0.5723071656250001 0.153470509375 0.5912782078125 0.1570759578125 0.5677095875 0.0887092203125 0.54915691875 0.085982740625 0.5723071656250001
0 0.1090279734375 0.5463761671875 0.177869740625 0.5592120234375 0.179816409375 0.5386985734375 0.11078897812499999 0.5242964828125001 0.1090279734375 0.5463761671875
0 0.28331263125 0.5383087984375 0.3518647203125 0.5235249093750001 0.350245134375 0.500364134375 0.28087080000000003 0.516113703125 0.28331263125 0.5383087984375
0 0.3550183046875 0.5229921390625 0.42389614375000007 0.51113005 0.4227233078125 0.4888004875 0.3526918328125 0.5013680109374999 0.3550183046875 0.5229921390625
0 0.42598065937499996 0.48919684375 0.42683745 0.5099638734374999 0.49578012187500003 0.508099940625 0.49560998125 0.4856016890625 0.42598065937499996 0.48919684375
0 0.5673531671875 0.50592061875 0.5675164484375 0.4845908203125 0.499187690625 0.48666311875 0.4994626390625 0.50863789375 0.5673531671875 0.50592061875
0 0.6394561828125 0.50502211875 0.6394262078125 0.48421267031250004 0.570310034375 0.48608562343750006 0.5709251953125001 0.5080766062500001 0.6394561828125 0.50502211875
0 0.7115591984375 0.49918186249999996 0.7114222171875 0.47572634999999996 0.6417193640625001 0.4831410390625 0.6420591625000001 0.5048178125 0.7115591984375 0.49918186249999996
0 0.7837825234375 0.4848085078125 0.7828425859375 0.4632775546875 0.7143098640625001 0.4758479859375 0.7165337875 0.49842016093749997 0.7837825234375 0.4848085078125
0 0.85548135625 0.46863283281249996 0.8530281593750001 0.4454707125 0.786004453125 0.462357446875 0.7884917640625 0.485624928125 0.85548135625 0.46863283281249996
0 0.5907805796875001 0.45686737187500004 0.590412140625 0.40996862968750003 0.5494017078125 0.40682247812499994 0.5498688171875 0.45593781718750004 0.5907805796875001 0.45686737187500004
0 0.5469145171875 0.45560456875 0.5479004734374999 0.41154380156250003 0.5026062265625 0.4106823734375 0.5035798984375 0.45972884843750006 0.5469145171875 0.45560456875
