0 0.8313990921875 0.6596957625 0.7887191203125 0.6704774812500001 0.7931300734375 0.679824215625 0.8385814734375 0.6712127453125001 0.8313990921875 0.6596957625
0 0.79367475625 0.668710965625 0.8291976171875 0.66018106875 0.8241774921875 0.6505872015625 0.785417775 0.6585039312500001 0.79367475625 0.668710965625
0 0.70686108125 0.4099456640625 0.5611399546875 0.4578038703125 0.60032265625 0.5555574234375 0.7282786031249999 0.5356426062499999 0.70686108125 0.4099456640625
0 0.5771831187500001 0.41657311874999997 0.5538887140625001 0.3234095 0.5008837390624999 0.3290855640625 0.5270558390625 0.4209350703125 0.5771831187500001 0.41657311874999997
0 0.3706957203125 0.5207460703125 0.40893587656249997 0.6278793 0.5685094312500001 0.60063459375 0.5290050359375 0.49758725468750004 0.3706957203125 0.5207460703125
0 0.4005823984375 0.6026235546875001 0.2914770578125 0.6177251359375 0.29954308749999997 0.6463209125 0.4117158390625 0.6289494046875 0.4005823984375 0.6026235546875001
0 0.35865328750000003 0.47940798124999995 0.2244347484375 0.4983473921875 0.2388087515625 0.5342371421875 0.374215890625 0.518942821875 0.35865328750000003 0.47940798124999995
0 0.754358746875 0.5488424734375 0.841673759375 0.5382144249999999 0.837398834375 0.52179025 0.7528003671875 0.53348943125 0.754358746875 0.5488424734375
0 0.6944958531250001 0.6396592421875 0.6904098656250001 0.6268154171875 0.653182953125 0.6323761796875 0.6558880171875 0.644585096875 0.6944958531250001 0.6396592421875
0 0.6779444984375 0.593129284375 0.6361801203125 0.60055999375 0.6404950375 0.6109056734375 0.6836091609375 0.6036141484375 0.6779444984375 0.593129284375
0 0.6636311953125 0.550951225 0.62199204375 0.5580951046875 0.6267491515625 0.5682289500000001 0.6672425578125 0.561576925 0.6636311953125 0.550951225
0 0.6620575671875 0.6688200859375 0.7016060171875 0.6628989515625 0.69857535625 0.6523272921875 0.6610301703125 0.6586649546875 0.6620575671875 0.6688200859375
