0 0.837533034375 0.6476421343750001 0.7911863984374999 0.6593501171875 0.7959762984375 0.669499834375 0.845332459375 0.6601485484375 0.837533034375 0.6476421343750001
0 0.7965677765625 0.6574318390625 0.8351424296875001 0.6481691328125 0.829691021875 0.63775105 0.7876014328125 0.6463479125 0.7965677765625 0.6574318390625
0 0.70229588125 0.3764358421875 0.5440557578125 0.4284055765625 0.586604671875 0.534557203125 0.725553396875 0.5129314890625001 0.70229588125 0.3764358421875
0 0.5614772015625 0.383632665625 0.5361815578125 0.2824652984375 0.4786228921875 0.288628996875 0.507043453125 0.3883693546875 0.5614772015625 0.383632665625
0 0.337250334375 0.4967551828125 0.37877572812500004 0.6130922984375 0.5520583515624999 0.58350698125 0.5091601078125 0.47160677812499996 0.337250334375 0.4967551828125
0 0.3697045984375 0.585666815625 0.251225946875 0.6020657828125 0.2599849328125 0.6331182421875 0.38179451875 0.6142543375 0.3697045984375 0.585666815625
0 0.3241733296875 0.4518657109375 0.1784239875 0.47243222031250004 0.194032871875 0.51140528125 0.3410729265625 0.494797015625 0.3241733296875 0.4518657109375
0 0.753874103125 0.527265365625 0.84869040625 0.51572425625 0.84404821875 0.49788906875 0.7521818421875001 0.510593334375 0.753874103125 0.527265365625
0 0.6888683484375 0.6258842625 0.68443133125 0.6119370171875 0.6440062296875 0.6179755078125 0.6469436890625 0.6312333 0.6888683484375 0.6258842625
0 0.67089505625 0.5753568859375 0.6255426734375 0.583425971875 0.6302282890625001 0.5946604578125 0.677046375 0.5867425125 0.67089505625 0.5753568859375
0 0.6553520875000001 0.5295552812500001 0.6101356906250001 0.537312896875 0.615301484375 0.548317346875 0.65927370625 0.5410938437499999 0.6553520875000001 0.5295552812500001
0 0.65364326875 0.6575503328125001 0.6965893515625 0.6511205109375 0.693298325 0.639640634375 0.6525276078125 0.6465227687499999 0.65364326875 0.6575503328125001
