0 0.3289622046875 0.7991059500000001 0.33794314375 0.8465074109374999 0.34995425468749997 0.8390168750000001 0.338709953125 0.7945057484375 0.3289622046875 0.7991059500000001
0 0.35945361249999996 0.8314854374999999 0.35119721875 0.7910627625 0.3405522609375 0.799674003125 0.3494481265625 0.836720946875 0.35945361249999996 0.8314854374999999
0 0.458560575 0.59802626875 0.4793298234375 0.731472075 0.610419703125 0.7091356484375 0.560508175 0.5571624609375 0.458560575 0.59802626875
0 0.69474905 0.49432099531249996 0.5989588046875001 0.521615990625 0.6035079031249999 0.5738939453125 0.700668640625 0.5496001109375 0.69474905 0.49432099531249996
0 0.4115494015625 0.5648481203125 0.5190179125000001 0.5236488171875 0.494865484375 0.3585473515625 0.383135778125 0.398428175 0.4115494015625 0.5648481203125
0 0.3639029421875 0.284341965625 0.3820197625 0.401327409375 0.40947510468750004 0.389716296875 0.3937256 0.2759298703125 0.3639029421875 0.284341965625
0 0.4807955875 0.221001865625 0.4967461 0.362218553125 0.5379771546875001 0.345988246875 0.5182251609375 0.20601115625 0.4807955875 0.221001865625
0 0.49377650468749995 0.84527403125 0.48157537812499995 0.7570459281249999 0.465563625 0.7586711687500001 0.4766476609375 0.8497323703124999 0.49377650468749995 0.84527403125
0 0.37844596406250003 0.6531544984375001 0.3657132328125 0.6559756218749999 0.370850428125 0.6962398999999999 0.38424530625000003 0.69197860625 0.37844596406250003 0.6531544984375001
0 0.400837646875 0.6399222171875001 0.408442009375 0.684886121875 0.41937671875 0.6789784203125 0.41162720156250004 0.6354221718749999 0.400837646875 0.6399222171875001
0 0.4453453859375 0.625586575 0.4522828109375 0.667817321875 0.4633644 0.664051015625 0.45591401718749996 0.620625365625 0.4453453859375 0.625586575
0 0.3576388625 0.70049443125 0.3510292890625 0.6613383953125 0.340438459375 0.662409871875 0.3466136359375 0.7036551203125 0.3576388625 0.70049443125
