0 0.1643884234375 0.657796634375 0.21408614843749998 0.6672126359375 0.21890919687500002 0.6569926781250001 0.1722418234375 0.6452036718749999 0.1643884234375 0.657796634375
0 0.22251897187499997 0.64390049375 0.18013810624999999 0.6352441359375 0.174648971875 0.6457343171875001 0.213490578125 0.655061125 0.22251897187499997 0.64390049375
0 0.28499640625 0.5095607734375001 0.42490671406249997 0.5313361453125001 0.467750084375 0.42444990625 0.30841487343749996 0.37212051874999996 0.28499640625 0.5095607734375001
0 0.5050185296875 0.384136615625 0.5336357734375 0.28370601406249996 0.4756787765625 0.2774996609375 0.450208078125 0.379367146875 0.5050185296875 0.384136615625
0 0.5028872265625 0.467950078125 0.459692109375 0.5806246765624999 0.6341739203125 0.6104147375 0.6759866875 0.49327251875 0.5028872265625 0.467950078125
0 0.6311342390625 0.6115848171875 0.7537867968749999 0.63057926875 0.7626064 0.5993119140625 0.6433078265625001 0.5827994578125 0.6311342390625 0.6115848171875
0 0.6721376421875 0.49130080156249994 0.820195275 0.508024003125 0.835912178125 0.46878123125000004 0.6891541906249999 0.44807239374999996 0.6721376421875 0.49130080156249994
0 0.25818368125 0.5072064375 0.1656815515625 0.494414253125 0.1610072390625 0.5123728671875 0.25647970937500003 0.5239938453125 0.25818368125 0.5072064375
0 0.3641501265625 0.62868128125 0.3671079140625 0.6153317406250001 0.326403053125 0.6092514609374999 0.3219353296875 0.6232952265625 0.3641501265625 0.62868128125
0 0.33383911718750003 0.5838825984375 0.38098120468749996 0.5918553390625 0.3856992453125 0.5805431078125001 0.34003300468750003 0.5724181796875001 0.33383911718750003 0.5838825984375
0 0.3517347796875 0.537918021875 0.3960113078125 0.545191515625 0.40121285156250003 0.534110909375 0.3556835375 0.526299609375 0.3517347796875 0.537918021875
0 0.35852756406249997 0.644076559375 0.317474696875 0.637146796875 0.31416089375 0.6487061187500001 0.35740418281249997 0.6551804390625 0.35852756406249997 0.644076559375
