0 0.374124065625 0.38618864531249997 0.40228641875 0.5630003125 0.508058728125 0.5255832796875 0.48039866093750005 0.341346275 0.374124065625 0.38618864531249997
0 0.6239672578125 0.4879923234375 0.6114377328125 0.412439521875 0.5336684125 0.44083942968749995 0.5399402796875 0.5183702625 0.6239672578125 0.4879923234375
0 0.47111922812499996 0.278710596875 0.4932112109375 0.420932021875 0.5354145265625 0.40859992187499994 0.51503856875 0.2615534640625 0.47111922812499996 0.278710596875
0 0.457625384375 0.7260674921875 0.49759738750000004 0.721490184375 0.4814461453125 0.5615267 0.44228840625 0.5744031046875 0.457625384375 0.7260674921875
0 0.3837864515625 0.65342519375 0.3958850640625 0.6534329421875 0.3958850640625 0.61537261875 0.38416196875 0.6154032703125 0.3837864515625 0.65342519375
0 0.40514050625 0.609583890625 0.4103348859375 0.6456750828125 0.419218075 0.6426795937499999 0.4152250984375 0.605446765625 0.40514050625 0.609583890625
0 0.6639518375 0.8076077796875 0.6341678671875 0.6345164546875 0.2923927859375 0.758171896875 0.3121261453125 0.9377487921875 0.6639518375 0.8076077796875
0 0.594995790625 0.695323675 0.5701993765625 0.54198181875 0.496297084375 0.56783624375 0.5194480328125 0.7226228875 0.594995790625 0.695323675
0 0.6480898671875 0.5621781171875 0.637935909375 0.5029734390625 0.581990453125 0.5223735265625 0.591670475 0.5825365078125 0.6480898671875 0.5621781171875
0 0.639660809375 0.5086232625 0.6478842203124999 0.5565640140625 0.6817810453125001 0.5445954000000001 0.6725527609374999 0.49309245468749996 0.639660809375 0.5086232625
0 0.5900032796875 0.5919123468749999 0.6052346234375 0.629405859375 0.626632434375 0.6132687 0.61421745625 0.5793826359375001 0.5900032796875 0.5919123468749999
