0 0.5955403718750001 0.5626065609374999 0.623526709375 0.386899965625 0.51791633125 0.34233786093749996 0.49042913906249996 0.525423384375 0.5955403718750001 0.5626065609374999
0 0.387696253125 0.412986775 0.3752450375 0.488067371875 0.458746846875 0.5182554484375 0.46497951562499995 0.4412091828125 0.387696253125 0.412986775
0 0.505183859375 0.421426196875 0.5271377671875 0.28009365625 0.48349292187500004 0.2630437546875 0.4632443140625 0.409171171875 0.505183859375 0.421426196875
0 0.500825096875 0.7201058703125 0.540547275 0.7246545703125 0.5557883968749999 0.5739380859375001 0.51687539375 0.5611421578125 0.500825096875 0.7201058703125
0 0.6019017171875001 0.6524739859375 0.6139247140624999 0.6524662859375 0.61355154375 0.614682 0.6019017171875001 0.6146515406249999 0.6019017171875001 0.6524739859375
0 0.5875422078125 0.6447646140625001 0.592704121875 0.608898990625 0.5826825578125 0.6047877234375 0.5787145375 0.641787846875 0.5875422078125 0.6447646140625001
0 0.36510818125 0.6336757265624999 0.3355103609375 0.80568523125 0.68513714375 0.9350128625 0.70474716875 0.7565583218749999 0.36510818125 0.6336757265624999
0 0.4286768703125 0.5417194328125 0.4040354328125 0.6941029015625 0.47911101718750004 0.7212314937500001 0.502117271875 0.5674122671874999 0.4286768703125 0.5417194328125
0 0.361363690625 0.5029548546875 0.35127319375 0.5617895046875 0.407339965625 0.5820206546875 0.41695948749999995 0.5222336921874999 0.361363690625 0.5029548546875
0 0.35147755625 0.5562104890625 0.3596495703125 0.5085693671875 0.32696319375 0.49313562656250004 0.31779258593750004 0.5443166781250001 0.35147755625 0.5562104890625
0 0.39386059218749997 0.6285970734374999 0.408996740625 0.5913378953125 0.384933903125 0.57888649375 0.37259651875 0.6125607703125 0.39386059218749997 0.6285970734374999
