0 0.5234144421875 0.695335240625 0.5538500875000001 0.49261078593749996 0.43746394843749997 0.4514391015625 0.40647561562499995 0.6459931171875 0.5234144421875 0.695335240625
0 0.5889308265625 0.5005476 0.5820296015624999 0.58585834375 0.6676027640625 0.61710806875 0.681389578125 0.53397384375 0.5889308265625 0.5005476
0 0.561530328125 0.7831349421875 0.5839509328125 0.6213329578125 0.53751268125 0.6077633812500001 0.51320385625 0.764256159375 0.561530328125 0.7831349421875
0 0.48147997499999995 0.43889208437500005 0.5245670375 0.4530605859375 0.5423389937499999 0.277045403125 0.4983559578125 0.27200877968750004 0.48147997499999995 0.43889208437500005
0 0.41752078125000003 0.393777715625 0.43042024375 0.39381144218749997 0.43042024375 0.35193191874999996 0.4171075828125 0.3519404453125 0.41752078125000003 0.393777715625
0 0.4517009734375 0.40473331718749994 0.4560946296875 0.363764321875 0.44632004687500004 0.360468246875 0.44060443281249995 0.4001810484375 0.4517009734375 0.40473331718749994
0 0.33825645 0.039086103125 0.3165429265625 0.2366828265625 0.6926137781249999 0.37274660000000004 0.7253864515624999 0.18228624843750002 0.33825645 0.039086103125
0 0.5663822640625 0.2757990375 0.5409082109375001 0.4461179046875 0.6222263031249999 0.47456671874999995 0.6495109390625 0.3058376171875 0.5663822640625 0.2757990375
0 0.645851940625 0.42994252812499995 0.6352005671875001 0.49614262499999995 0.6967599265625 0.5174894343750001 0.7079327953125001 0.4523438015625 0.645851940625 0.42994252812499995
0 0.7348504421875 0.5283619359375 0.7450047484375 0.471690875 0.7077065124999999 0.45852125781249997 0.698657915625 0.5112726734375 0.7348504421875 0.5283619359375
0 0.670661421875 0.43341287812499996 0.68432219375 0.3961264828125 0.6607771984374999 0.378370021875 0.64401745 0.41962585937499997 0.670661421875 0.43341287812499996
