0 0.49042913906249996 0.47457661562500003 0.51791633125 0.6576621390625 0.623526709375 0.613100034375 0.5955403718750001 0.4373934390625 0.49042913906249996 0.47457661562500003
0 0.46497951562499995 0.5587908171875 0.458746846875 0.48174455156249996 0.3752450375 0.5119326281250001 0.387696253125 0.587013225 0.46497951562499995 0.5587908171875
0 0.4632443140625 0.590828828125 0.48349292187500004 0.7369562453125 0.5271377671875 0.7199063437500001 0.505183859375 0.5785738031250001 0.4632443140625 0.590828828125
0 0.51687539375 0.43885784218749996 0.5557883968749999 0.4260619140625 0.540547275 0.27534542968750003 0.500825096875 0.2798941296875 0.51687539375 0.43885784218749996
0 0.6019017171875001 0.385348459375 0.61355154375 0.385318 0.6139247140624999 0.3475337140625 0.6019017171875001 0.3475260140625 0.6019017171875001 0.385348459375
0 0.5787145375 0.358212153125 0.5826825578125 0.3952122765625 0.592704121875 0.391101009375 0.5875422078125 0.35523538593750004 0.5787145375 0.358212153125
0 0.70474716875 0.243441678125 0.68513714375 0.0649871375 0.3355103609375 0.19431476875 0.36510818125 0.36632427343749996 0.70474716875 0.243441678125
0 0.502117271875 0.4325877328125 0.47911101718750004 0.27876850625 0.4040354328125 0.3058970984375 0.4286768703125 0.4582805671875 0.502117271875 0.4325877328125
0 0.41695948749999995 0.4777663078125 0.407339965625 0.4179793453125 0.35127319375 0.4382104953125 0.361363690625 0.49704514531250005 0.41695948749999995 0.4777663078125
0 0.31779258593750004 0.45568332187499994 0.32696319375 0.5068643734375 0.3596495703125 0.4914306328125 0.35147755625 0.44378951093749996 0.31779258593750004 0.45568332187499994
0 0.37259651875 0.3874392296875 0.384933903125 0.42111350625000005 0.408996740625 0.40866210468749997 0.39386059218749997 0.37140292656249996 0.37259651875 0.3874392296875
