0 0.49451180156249996 0.5018881734375 0.69111370625 0.472371725 0.64326178125 0.3589646078125 0.45458355937499995 0.38901705 0.49451180156249996 0.5018881734375
0 0.5849431593750001 0.529216628125 0.5022089140625 0.5359094265625 0.5346256406250001 0.6255757984375 0.6152491 0.612205365625 0.5849431593750001 0.529216628125
0 0.6193463921875 0.5310799312500001 0.7762617406250001 0.5093364593749999 0.7579531203125 0.46246951249999996 0.606186634375 0.48604417812499995 0.6193463921875 0.5310799312500001
0 0.456156071875 0.47348950937499995 0.44241547812500004 0.431703734375 0.2805722734375 0.44807004062500005 0.2854567828125 0.490724728125 0.456156071875 0.47348950937499995
0 0.3986963328125 0.382186075 0.3986636234375 0.3696761953125 0.35808989375 0.369275475 0.35808162656250003 0.382186075 0.3986963328125 0.382186075
0 0.369556675 0.4070850609375 0.40928835 0.40282409843749994 0.4048735671875 0.3920626875 0.3663601453125 0.39760568281249997 0.369556675 0.4070850609375
0 0.2463132109375 0.27174800625 0.054684175 0.2928057515625 0.1935594828125 0.6682439078125 0.37826767656250004 0.6364610140625 0.2463132109375 0.27174800625
0 0.44942306875 0.4893371578125 0.2842480609375 0.5140418609374999 0.313379434375 0.5946599375 0.4770126890625 0.568199334375 0.44942306875 0.4893371578125
0 0.497936975 0.5807817578125001 0.433736209375 0.5911114468750001 0.455460934375 0.6513173765625 0.5186390828125 0.6404819421875 0.497936975 0.5807817578125001
0 0.47422370156250004 0.6872697062500001 0.5291832203125 0.6774220734374999 0.512610075 0.6423226093750001 0.46145182343749996 0.6510979265625 0.47422370156250004 0.6872697062500001
0 0.4009414546875 0.6284198453125 0.4371017515625 0.615171646875 0.42373111874999997 0.589332359375 0.38372126406249996 0.6055859406249999 0.4009414546875 0.6284198453125
