0 0.313722425 0.44836194531249995 0.512323671875 0.47817856093750005 0.5526579640625 0.364159596875 0.3620609796875 0.3338015359375 0.313722425 0.44836194531249995
0 0.5045482828125001 0.51254579375 0.4209726734375 0.5057849328125 0.39035853593750003 0.5896176234375 0.4718018953125 0.6031240265625 0.5045482828125001 0.51254579375
0 0.22770847968750002 0.48570259374999997 0.3862195765625 0.507667184375 0.3995131625 0.462173440625 0.24620328749999998 0.4383590328125 0.22770847968750002 0.48570259374999997
0 0.5649497875 0.4072803828125 0.5510694593750001 0.4494910984375 0.7235046734374999 0.4669015890625 0.72843885625 0.423813125 0.5649497875 0.4072803828125
0 0.6091465765625 0.34462205468749996 0.6091135359375001 0.3572591546875 0.6501412734375001 0.3572591546875 0.6501329203124999 0.34421725937500003 0.6091465765625 0.34462205468749996
0 0.5984138015625 0.37810705625 0.638549528125 0.3824113484375 0.6417785640625 0.372835571875 0.60287348125 0.36723620625 0.5984138015625 0.37810705625
0 0.9566241218749999 0.266969878125 0.763046315625 0.2456979859375 0.629749940625 0.6141199390625001 0.816336521875 0.6462260484375 0.9566241218749999 0.266969878125
0 0.7247256875 0.4904558453125 0.557870934375 0.4654999078125 0.530000740625 0.5451640734375001 0.6952980625 0.5718937671875 0.7247256875 0.4904558453125
0 0.5737173203125 0.5683091890624999 0.5088636656250001 0.5578744546875 0.487951028125 0.618181759375 0.551771665625 0.6291273828125 0.5737173203125 0.5683091890624999
0 0.4772996625 0.655497553125 0.5328180921875 0.66544533125 0.545719853125 0.6289057015624999 0.494041346875 0.62004114375 0.4772996625 0.655497553125
0 0.570317553125 0.592614071875 0.60684558125 0.605996996875 0.6242408937499999 0.5829308828124999 0.5838241578125001 0.5665120109374999 0.570317553125 0.592614071875
