0 0.46793503750000004 0.3063948640625 0.4374993921875 0.50911931875 0.5538855328125 0.5502910015625 0.584873865625 0.3557369859375 0.46793503750000004 0.3063948640625
0 0.4024186546875 0.501182503125 0.409319878125 0.415871759375 0.323746715625 0.38462203437500003 0.309959903125 0.46775625937500004 0.4024186546875 0.501182503125
0 0.42981915156249995 0.2185951609375 0.4073985484375 0.3803971453125 0.45383680000000004 0.3939667234375 0.47814562499999996 0.23747394531250002 0.42981915156249995 0.2185951609375
0 0.5098695046875 0.5628380187500001 0.46678244218750004 0.5486695171875 0.4490104875 0.7246847 0.492993521875 0.7297213234375 0.5098695046875 0.5628380187500001
0 0.5738286984375 0.6079523874999999 0.5609292375 0.6079186609375 0.5609292375 0.649798184375 0.5742418984375 0.649789659375 0.5738286984375 0.6079523874999999
0 0.53964850625 0.5969967875 0.5352548515625 0.6379657812499999 0.5450294343750001 0.64126185625 0.5507450484375 0.6015490546875 0.53964850625 0.5969967875
0 0.65309303125 0.962644 0.674806553125 0.7650472765624999 0.29873570312500003 0.628983503125 0.2659630296875 0.8194438546875 0.65309303125 0.962644
0 0.424967215625 0.725931065625 0.45044127031250003 0.5556121984375 0.369123178125 0.5271633859375 0.3418385421875 0.6958924859375 0.424967215625 0.725931065625
0 0.3454975390625 0.5717875765625 0.3561489140625 0.5055874796875 0.294589553125 0.48424067031250007 0.283416684375 0.549386303125 0.3454975390625 0.5717875765625
0 0.25649903749999997 0.47336816718749997 0.24634473125 0.5300392281249999 0.28364296875 0.5432088453125 0.292691565625 0.49045743125 0.25649903749999997 0.47336816718749997
0 0.320688059375 0.568317225 0.3070272875 0.605603621875 0.33057228125 0.62336008125 0.34733203125 0.58210424375 0.320688059375 0.568317225
