0 0.5095708609375 0.525423384375 0.48208366874999997 0.34233786093749996 0.376473290625 0.386899965625 0.40445962812499997 0.5626065609374999 0.5095708609375 0.525423384375
0 0.535020484375 0.4412091828125 0.541253153125 0.5182554484375 0.6247549625000001 0.488067371875 0.612303746875 0.412986775 0.535020484375 0.4412091828125
0 0.5367556859375 0.409171171875 0.516507078125 0.2630437546875 0.47286223281249995 0.28009365625 0.49481614062499996 0.421426196875 0.5367556859375 0.409171171875
0 0.48312460625 0.5611421578125 0.444211603125 0.5739380859375001 0.45945272499999995 0.7246545703125 0.499174903125 0.7201058703125 0.48312460625 0.5611421578125
0 0.39809828281250004 0.6146515406249999 0.38644845625 0.614682 0.38607528593749996 0.6524662859375 0.39809828281250004 0.6524739859375 0.39809828281250004 0.6146515406249999
0 0.42128546250000004 0.641787846875 0.4173174421875 0.6047877234375 0.40729587812499995 0.608898990625 0.4124577921875 0.6447646140625001 0.42128546250000004 0.641787846875
0 0.29525283125 0.7565583218749999 0.31486285625 0.9350128625 0.6644896390625 0.80568523125 0.63489181875 0.6336757265624999 0.29525283125 0.7565583218749999
0 0.497882728125 0.5674122671874999 0.5208889828125 0.7212314937500001 0.5959645671875 0.6941029015625 0.5713231296875 0.5417194328125 0.497882728125 0.5674122671874999
0 0.5830405125 0.5222336921874999 0.5926600343749999 0.5820206546875 0.64872680625 0.5617895046875 0.638636309375 0.5029548546875 0.5830405125 0.5222336921874999
0 0.6822074140625001 0.5443166781250001 0.6730368062500001 0.49313562656250004 0.6403504296875 0.5085693671875 0.64852244375 0.5562104890625 0.6822074140625001 0.5443166781250001
0 0.62740348125 0.6125607703125 0.6150660968749999 0.57888649375 0.591003259375 0.5913378953125 0.6061394078125 0.6285970734374999 0.62740348125 0.6125607703125
